1.0 0.0 0.0 0.0 0.0 1.0 0.0 0.0 0.0 0.0 1.0 0.0
1.0 0.0 0.0 0.0 0.0 1.0 0.0 0.0 0.0 0.0 1.0 0.0
0.9999668436091471 0.007926379893402937 0.0018665969417057638 0.19828096802124828 -0.007924569282248148 0.9999681243775277 -0.000975413029735485 -0.01057736590005246 -0.0018742689369930002 0.0009605887117732489 0.9999977821901793 0.12843938869560628
0.9999590462801624 0.008955816146780406 0.0013035028238675272 0.3749321550644338 -0.008955545050841113 0.9999598754753889 -0.00021366348565496801 -0.048193096509163626 -0.001305364052331198 0.0002019811570773932 0.9999991276137715 0.18610521160606605
0.9998772074689108 0.01514519513185377 0.004024058720797365 0.7173448750360911 -0.01514680120891836 0.999885212559672 0.00036894123363945556 0.002930487920575694 -0.004018009122421428 -0.0004298475479084827 0.9999918353835585 0.24022072755504822
0.999861262013938 0.015721136496909507 0.005504778936555078 0.9505760531370481 -0.01572483473802898 0.9998761591806956 0.0006291856005190274 0.08463999316796184 -0.0054942057075138395 -0.0007156600476226578 0.9999846506493688 0.20541366260944627
0.9998149439796651 0.017411223438363415 0.008180898075046952 1.262255447631764 -0.017418504214616652 0.9998479504557356 0.0008195610934717773 0.05309293627202549 -0.008165384611903158 -0.0009619084363569526 0.9999662000419304 0.18290844225892364
0.9997690668831296 0.019497760381229513 0.009036052442917412 1.4496772303512069 -0.019502967372963066 0.9998096797146103 0.0004884799018117108 0.06369161413820068 -0.009024808434761123 -0.0006645969316000553 0.9999590547335606 0.20770855172022815
0.9995350888677469 0.027962031571697153 0.01215446060212115 1.8885420360392748 -0.027970044537572344 0.9996086417999961 0.0004897421069698704 0.04445084915626314 -0.012136009670040804 -0.0008294752247838984 0.9999260118829494 0.19822755389439867
0.9994157675427421 0.03076929518948376 0.014878644444115631 2.0618366499318643 -0.030774611972791355 0.9995263412008454 0.0001284662424054717 0.08791733507697942 -0.014867644227520706 -0.0005862756977057799 0.9998892985905644 0.2239874264814792
0.9993373722163071 0.03189473312217337 0.01753688942970684 2.3747916713185657 -0.03188964147408273 0.9994912335242543 -0.0005699779095984711 0.1268955602625086 -0.017546146541588332 1.0355109915499948e-05 0.9998460544675427 0.23488188933120419
0.9991555216744342 0.03525064934343709 0.021110074096418345 2.528192197280952 -0.035226414177473284 0.9993782030083193 -0.0015189127883278686 0.1027146128905495 -0.021150490577935648 0.0007739978859621243 0.9997760037506341 0.2673321010477287
0.9992346618768807 0.03443943590051005 0.018547661810839607 2.3547926777123025 -0.034413255009442686 0.9994061929736594 -0.0017289666143845107 0.1753433849502535 -0.01859619271382436 0.0010893579545956042 0.9998264824037215 0.33079555562672475
0.9988681908902152 0.043610971884891055 0.018984740160517106 2.4693643474167106 -0.043589149784551834 0.9990483203354005 -0.00156193984253804 0.18784636450732772 -0.019034790483927474 0.0007326433423177483 0.9998185535310724 0.4452210169613254
0.9987241120891659 0.04637073738950923 0.01999756599333547 2.5984270693815703 -0.04636144800697363 0.998924298790415 -0.0009281297175599348 0.23541668795859155 -0.02001909264680407 -1.705879924286595e-07 0.9997995978842807 0.4508618569984233
0.9985608961285214 0.04890948534028039 0.021999976517105706 2.9845569917976538 -0.04890370900408515 0.998803176779974 -0.0008008120101510369 0.19413142222117347 -0.022012813737640805 -0.00027622089120233245 0.9997576505000463 0.44542203752878995
0.9985332073851838 0.048786394835200274 0.023480234837921585 3.177088415440916 -0.04877795378746974 0.9988092119009706 -0.0009324409188722181 0.10235902999576905 -0.023497765284542768 -0.00021424458842440354 0.9997238664380736 0.4073930926329933
0.9982375559286047 0.05341110330972502 0.025865729777561727 3.4281508997413486 -0.05340102074809726 0.9985725625471054 -0.0010808844377286535 0.06350263369567592 -0.02588653929650017 -0.0003022769331567228 0.9996648416904086 0.39417407586077896
0.9980721293845082 0.055278859765202366 0.02821829564191857 3.8380931306198733 -0.05526535557454972 0.9984709088416346 -0.0012588368361740895 0.0009964356917065203 -0.028244734360482446 -0.00030308418073045774 0.9996009919567342 0.3526765349105684
0.9978541496647881 0.05727256739905403 0.031732460041505706 4.1136744071287 -0.057239713384778484 0.9983585718033827 -0.0019435324373734963 0.07065781212819396 -0.03179168457935725 0.00012300498987154995 0.99949450907015 0.28714051877147806
0.9977813650258608 0.05806445352137514 0.03257095092865597 4.379185406757541 -0.0579970380367758 0.9983122127368148 -0.0030115576515394806 0.11331961956268284 -0.0326908425418134 0.0011158574245039242 0.999464888665988 0.30664967131053716
0.9975431084946823 0.060776682554204986 0.03484166403138378 4.544093443038625 -0.06073041530228971 0.9981513538715491 -0.002385670053164324 0.07442014797953733 -0.03492224723556354 0.00026385999422742833 0.9993899974614121 0.2521785667591587
0.9973679183726957 0.06306481151503464 0.03577799532523753 4.775256231426189 -0.06301504380473735 0.9980094005336219 -0.002518074821454007 0.08676521682502822 -0.03586557758083069 0.00025689510031475107 0.9993565901867564 0.20706914272588609
0.9971013177847662 0.06635877866104843 0.03722196349604073 5.1200505686720374 -0.06630622503282842 0.9977958125381428 -0.0026459408994836515 0.0123554824576382 -0.037315500717296016 0.00017022326992355277 0.9993035196727047 0.1999366454222655
0.996846541474299 0.068787023478181 0.03956410180636448 5.25541544649687 -0.0686887816638857 0.9976307510858967 -0.0038387187081022982 0.07363980970048206 -0.0397344186350226 0.001109003517159348 0.9992096607253842 0.14867322052352058
0.9965459822187004 0.07217335548654005 0.04107446994890957 5.506704715267282 -0.07206792898168635 0.9973915294344251 -0.004043590576316639 0.05682112955427351 -0.041259167903157694 0.0010694719593273168 0.9991479056144135 0.09045757189487688
0.9960937422797753 0.07737283912063676 0.04255232493638569 5.696807021957801 -0.0772522557884131 0.9970015436841939 -0.004473350750012785 -0.008470062375093948 -0.04277084949683879 0.0011686135987329295 0.9990842250659232 0.08043583167220078
0.9957847090004869 0.08056201873541914 0.04384717160884159 6.053165095338687 -0.0804298527213051 0.9967488437329362 -0.00477297687865837 -0.06413382909616905 -0.04408913825479461 0.0012262358374359474 0.9990268486049925 0.021665260854301347
0.9954205938106616 0.08400035340476925 0.04562654978746637 6.151086332182233 -0.08384256059211688 0.9964645738170951 -0.005364528019272311 -0.04978830974262243 -0.045915862738180775 0.0015145149012930805 0.9989441625003985 -0.05664162935825617
0.9949755873488335 0.08706015711540023 0.04943793708168117 6.564090958425647 -0.08687324963084636 0.9962017770444973 -0.005920972214076682 -0.11896668412826052 -0.04976564154541823 0.0015963885570460918 0.9987596469947861 -0.17248360556752781
0.9947425234565052 0.0886495420378182 0.05126958868448718 6.988573979528103 -0.08842077395538261 0.9960605606813454 -0.0067176028678305015 -0.13813990118864386 -0.05166312766879731 0.002148988516467865 0.9986622567654353 -0.26963469030453363
0.9943722529702861 0.09045916858439293 0.05514491220253833 7.381123943944415 -0.09014984389410595 0.9958954650977185 -0.008076400415140501 -0.12515331081145709 -0.05564915245242794 0.0030596432500803713 0.9984456972787803 -0.3890343187492637
0.994175045886367 0.08924639441005636 0.060423995412861246 7.797352608711214 -0.08886894539032159 0.9960034673265201 -0.008910870819309318 -0.15373545907094904 -0.060977772032608575 0.003489148657063685 0.9981330257834301 -0.4106518976259545
0.994201275146572 0.09032467134576473 0.05835476195838563 7.71607334729756 -0.09002540468184408 0.9959093730984326 -0.007742550390821995 -0.2463847487029976 -0.05881539771871302 0.00244424241102544 0.9982658837555387 -0.34422648363682684
0.993979105052099 0.09095885341687396 0.061090307782196214 7.904849392448777 -0.09049273668959062 0.995843232621768 -0.010359567937542932 -0.16175863024257828 -0.06177866400517406 0.004768964930864974 0.9980784807054115 -0.22916835193538032
0.994045665523907 0.09098571137256026 0.05995677759161698 7.9954122078552405 -0.09052502296551526 0.9958402802996258 -0.010361290935619221 -0.17308170005800286 -0.060650103629213435 0.004872007675364976 0.998147197797487 -0.18350221449715934
0.9939587152415484 0.09133824770830277 0.06085554125102841 8.01639120872049 -0.09087675572713093 0.9958087320545255 -0.010314282935043996 -0.23033697620382232 -0.061542567901332994 0.004721617257842074 0.9980932915647607 -0.06206745386260256
0.993656351062835 0.094183821818364 0.06145293890601106 8.065882269794967 -0.09364852089114674 0.9955384386179575 -0.011540007323041812 -0.18733812078365575 -0.06226564484047095 0.0057118247348901365 0.9980432678650747 0.08657018050935644
0.9929655441781553 0.10100808762383984 0.0617802096917851 8.151155500529175 -0.10045453867298569 0.9948691685832699 -0.012009290671407978 -0.3077673663683988 -0.0626762613354039 0.005718709383019617 0.9980175262128447 0.3281193838070196
0.9922401456429462 0.10712446603036432 0.06311768493995193 8.184459041510195 -0.10650511415798573 0.9942257687307048 -0.013106542260767701 -0.3181239362207983 -0.06415726017111521 0.006282481161782167 0.997920025050999 0.6205643521130728
0.9922565329382113 0.1071634080017501 0.06279312722660374 8.193550580471289 -0.10654034081655468 0.9942207857185019 -0.013197917410485833 -0.2986254809597623 -0.06384456609718907 0.006405718596073832 0.997939295823712 0.6312923301357168
0.991213622624481 0.1156047492000743 0.0642736048937838 8.259559175419719 -0.11493025901244346 0.9932733957931534 -0.01410662159650877 -0.36420073523950947 -0.06547205424444105 0.0065956934375621425 0.9978326046692857 1.0648941924804864
0.9904045973725825 0.12217110951214517 0.06459840171264503 8.48155058587841 -0.12151031662864192 0.9924903604705662 -0.014075770878018342 -0.4244551372491915 -0.0658329435470119 0.006091335943344732 0.997812066057713 1.2672531374103704
0.9906293118706455 0.12040918982094603 0.06446079017013981 8.517716914845407 -0.11976414618085617 0.9927065518361486 -0.013793158853194695 -0.3365319981511376 -0.06565147182101798 0.005943815966392611 0.9978249121461599 1.2418922988702068
0.9896005635659374 0.12773096597985836 0.06614775067858955 8.755714035636363 -0.1271267622273193 0.9917975534423064 -0.013281540251418424 -0.31596095190016676 -0.06730164125475097 0.004734270345438253 0.9977214419710112 1.5365662470594108
0.9887325912867118 0.13339773196244134 0.0679183924629095 8.895243872358884 -0.13285440847637153 0.9910570525565247 -0.012474963982393183 -0.2355459720174315 -0.0689751337502329 0.0033111456091940803 0.9976128844591424 1.5604141990325546
0.9882744679660329 0.13597217479351423 0.06946325394322356 9.227808856007556 -0.13549674650536342 0.9907106667395696 -0.01153284418047496 -0.18351762430458474 -0.07038613253276524 0.0019855705356113776 0.9975178443801029 1.5603159487694318
0.988266307284238 0.1360922931164138 0.06934402383115966 9.260164025584265 -0.13556328102658585 0.9906923306057462 -0.01230052503988297 -0.16133568671925325 -0.07037259924208569 0.0027556910686846563 0.9975169689998494 1.530340770130632
0.9878699961953888 0.1384808263091676 0.07025618379657013 9.317879692268347 -0.13796029097986456 0.990362229342171 -0.012231631336375146 -0.14036082276731374 -0.07127291722441519 0.0023906980420186196 0.997453986825054 1.5124516096384635
0.9864426507573013 0.14755548767774393 0.0718211307561969 9.62153586485702 -0.14709612580918274 0.989053322975432 -0.011672792432631978 -0.1452664745800183 -0.07275731261422792 0.0009499302235139249 0.9973492222354846 1.3667165422543843
0.9863602750552717 0.1478372934886037 0.0723708673905126 9.658257877664047 -0.1473378692776663 0.98901071720758 -0.012221027995188965 -0.12356778202929085 -0.07338228716528311 0.0013913671356980649 0.997302914879871 1.3206926838998816
0.9859315535785185 0.15038793827930272 0.0729550524525444 9.767126064606883 -0.14987204160470097 0.9886260478470508 -0.01252631883475376 -0.09295707323155762 -0.07400907244042143 0.001416170332927724 0.9972565626046768 1.2548767441566355
0.9855222866750526 0.15304820874064695 0.07295250693470455 9.888830730932751 -0.15252352423747836 0.988217687177077 -0.012742735364144758 -0.0855580787945191 -0.07404321049872227 0.0014312762349267408 0.9972540069748438 1.1871513051661027
0.984941026146299 0.1566237672950838 0.07321318550763838 10.044152985318433 -0.156110972770361 0.9876577383436094 -0.012710470906714342 -0.11085341221933852 -0.07430033105290972 0.0010896826484475418 0.9972353149568826 1.0891913265284596
0.9828236641094492 0.16863046651820954 0.07497606970448593 10.248784286936425 -0.16807587700891505 0.9856789714976664 -0.013691775450173296 -0.06544797849994076 -0.07621118575488073 0.000854932245840063 0.9970913319534421 0.8555939498799027
0.9829858398054774 0.1678324753818959 0.07463979467489194 10.282949075443128 -0.16724161751765945 0.9858145101181638 -0.01414188850730598 -0.0448104197682532 -0.07595446077750527 0.0014183961581746448 0.9971102787757911 0.8951682947075177
0.9827111292342351 0.16926961448447206 0.07501089315198893 10.420245973633554 -0.1686719244464411 0.9855688173011069 -0.014278944891810414 -0.04526538666430126 -0.07634538874558741 0.0013798463565120303 0.9970804770134228 0.8821471217852858
0.98221387631393 0.17182003042359775 0.07572171631444968 10.436179280695628 -0.17124106165069194 0.9851279404673287 -0.014122312676512703 -0.06218933780728236 -0.07702207463523549 0.0009044643848159641 0.9970289774941657 0.810509141209369
0.981360784031228 0.17663727028550077 0.07569865462282253 10.536068205307753 -0.17603650480088068 0.9842755156394761 -0.014589663811140404 -0.06452310518375191 -0.07708541070207663 0.0009919973385220454 0.9970239994093274 0.7414827474235494
0.9805376117615777 0.18087104321720257 0.07636529084884043 10.620534721076329 -0.18024017573331313 0.9835062350713463 -0.015131577161622322 -0.028965870009309377 -0.07784260383961603 0.0010729870897225788 0.996965083504017 0.6559707684932304
0.9799564222971807 0.18366689852193388 0.0771484334633503 10.618468599160256 -0.18306962710234384 0.9829884650115677 -0.014805042613901198 -0.03504743055774345 -0.07855521644756651 0.00038476164621035406 0.9969096899555897 0.6089773217494384
0.9794767140745577 0.18634182044000652 0.07682507755164933 10.704197099754845 -0.18571142828602513 0.9824846878150278 -0.015333088826424228 -0.0043613224402774065 -0.07833665801958223 0.0007511085800178399 0.9969266792729663 0.5543880887117184
0.9783550085043775 0.1920818870577701 0.07698068588115184 10.827869389623658 -0.19149365038990232 0.9813789006360089 -0.015021159968410634 -0.0826954311640345 -0.07843251363278009 -4.528546026021213e-05 0.9969194244042348 0.4935391066659068
0.9771672445801284 0.19799289622795305 0.07709078520131199 10.99478920360026 -0.19739059784410729 0.9802034453486216 -0.015432355926015577 -0.09640365791073607 -0.0786201501043693 -0.00013700346155421479 0.9969046359745836 0.4425643033300066
0.9761751021261226 0.2026256321209645 0.07762102290385202 11.004485729446879 -0.20203269920058 0.9792561201973058 -0.015499661603942227 -0.10701203364770923 -0.07915149046473252 -0.0005516010228266536 0.996862446525859 0.40770558745036906
0.9752465363874473 0.2067308645726351 0.07846364060726058 10.968290015532732 -0.20614247889767326 0.9783973906749928 -0.015614874776298724 -0.12777076679557312 -0.07999669779570197 -0.0009463368364078194 0.9967946793539636 0.3403589867627648
0.9744144694394521 0.2109791120157265 0.07748713467467766 11.134221829020552 -0.2104067786790597 0.9774899152641738 -0.01557090372240716 -0.1616229379958454 -0.07902802814785029 -0.0011313045066072608 0.9968717524923518 0.28407506656624254
0.9730921360972606 0.21684506412859042 0.07790964528698979 11.194469817965546 -0.21625504572454793 0.9762052377193645 -0.016033996630462868 -0.1836754343026188 -0.07953269682558768 -0.0012457978726079207 0.9968314792999395 0.21272344812300328
0.9718583117936916 0.22208772032854515 0.07853958413942443 11.188436599160974 -0.22145478268832944 0.9750260956031838 -0.01678964315491539 -0.18164641187337044 -0.08030691764716566 -0.0010758122858734495 0.9967696030708056 0.15368632001629728
0.971031467778577 0.2256607361942948 0.07858193637240879 11.23665986497647 -0.22505106581287865 0.97420476238378 -0.01664628262533235 -0.21917866987232876 -0.08031130904347075 -0.001520884283516953 0.9967686695270448 0.07643895384051003
0.9702174024727234 0.22930332578789106 0.07809082354349343 11.375073301672323 -0.22865887476003643 0.9733543342710401 -0.017217983309433513 -0.21079446047555248 -0.07995818239906798 -0.0011509727982425097 0.9967975543354073 0.03009311582157058
0.9690859670376426 0.2339661351049637 0.07830859540798141 11.404014791882714 -0.23332289443498253 0.972243718342607 -0.0173948002522222 -0.25239280290610694 -0.08020483416357796 -0.0014141313158768608 0.9967773998287721 -0.029556374539935718
0.9678677211632055 0.2388103911823468 0.07875069138544442 11.3573174730202 -0.23816413698537633 0.9710647551903001 -0.01763760417989906 -0.3066368020486233 -0.08068406400499456 -0.0016847226864385707 0.9967383024270223 -0.09337845748897136
0.9670545435259795 0.2422259484484916 0.07830772467639732 11.40327338627183 -0.24155565372511112 0.9702187903136923 -0.018065577091833998 -0.301078046958625 -0.08035157745309086 -0.0014452752178562825 0.9967655367137948 -0.177081086793985
0.9661490002065358 0.24586171889212005 0.07815449176681719 11.41990789328508 -0.24518419347851972 0.9693037809715053 -0.018300039962350613 -0.33227843182934974 -0.08025472365042058 -0.0014816807172060207 0.996773286135842 -0.2647339483327731
0.9651127622913684 0.24994652009320234 0.07800059714917315 11.423067496600245 -0.24926585776363314 0.9682583434081041 -0.018501691110384355 -0.38247438164069963 -0.08014916228938149 -0.001586667539859566 0.9967816181443275 -0.34289220737003706
0.9639060872599882 0.2546158409013532 0.0778192039617524 11.43250581425755 -0.2538993907415088 0.967041385487799 -0.019132645789812074 -0.4121594665460615 -0.08012586551317172 -0.0013161747316891357 0.9967838849820134 -0.3951721399111517
0.9629947898055135 0.2581305818040965 0.07752185204778039 11.485426821858374 -0.2574433966705072 0.9661084463727714 -0.018904162449857376 -0.4936993743642 -0.07977425849352213 -0.0017528789625194433 0.9968114140082602 -0.45247610394216176
0.9616209273387974 0.2633783170924086 0.07692239069117203 11.513343604500898 -0.2626403901341884 0.9646918531727744 -0.019739652788993017 -0.5183143369504837 -0.07940540015790076 -0.0012208634808865762 0.996841658398224 -0.5121175200775112
0.9596464913004296 0.2705983538950236 0.07651890357344876 11.51448357727623 -0.2698650356172082 0.9626911790675978 -0.019963874792955607 -0.6105763083952478 -0.0790662651584238 -0.0014915142404175671 0.9968682466099347 -0.5976337531007255
0.9574649623263415 0.2783656276803303 0.0759830457638941 11.510932816001713 -0.277578726886764 0.9604746196844702 -0.02094171248691392 -0.6551566929884494 -0.07880923992366501 -0.001040321150788371 0.9968891720921407 -0.656330958128447
0.9555113396146426 0.28496975698960353 0.07609413557642954 11.473468515354075 -0.28417145262357046 0.9585357278399184 -0.021350502762180517 -0.7331844485279445 -0.07902319521284693 -0.0012231335471516917 0.9968720271743373 -0.6900137877576742
0.9535249740839977 0.2916598714842509 0.07566137167611268 11.499220332267079 -0.29082649782279063 0.956521598404828 -0.022054023424162406 -0.7952802284044602 -0.07880400981073905 -0.0009752696310600316 0.996889651308956 -0.705358605155222
0.9514566867470523 0.29837590465958935 0.0755115405941167 11.539107653773426 -0.29751288553543165 0.9544480379604681 -0.022694179292967603 -0.866329778843362 -0.0788432380404734 -0.0008731276948510454 0.9968866442396126 -0.7198497554226287
0.9487041676582765 0.3072333532268099 0.07461949432177112 11.648243702433778 -0.30628591883007183 0.9516342082670661 -0.02410953301751156 -0.896990641606825 -0.07841771607389011 1.7914073029010775e-05 0.9969205893574654 -0.7567759023487274
0.9451076516408461 0.3182490580114826 0.07408821690887314 11.731064508767277 -0.31729186759373423 0.9480071194534705 -0.024665202703484934 -1.020434671873193 -0.07808583462327114 -0.00019631690536997437 0.9969466203818809 -0.7736360800932711
0.9408150618028222 0.3307995870267673 0.07374722169600484 11.718225277971651 -0.3297655058242157 0.94370099067983 -0.026137164314335545 -1.107709202315169 -0.07824148933563788 0.00027094799402847434 0.9969343990121513 -0.7716976035662224
0.9370656545618388 0.34109067350645406 0.0745996748485772 11.605607645582653 -0.3400061874270896 0.9400303940658152 -0.0271781298795834 -1.207794190882236 -0.07939616837036287 0.00010334103681316516 0.9968431359891734 -0.7615166945675982
0.935281384941699 0.3456928156535561 0.07579715157618266 11.547213615351362 -0.3445997313678766 0.938347641499607 -0.02747232850166893 -1.2885824899429368 -0.08062106500620067 -0.00042532062298858636 0.9967447331085472 -0.7220885881463829
0.933012756068468 0.35194371860123486 0.07498543825744379 11.687064343589805 -0.3508470116415024 0.9360210769947004 -0.0277654073245495 -1.4154134589402785 -0.07995981137893238 -0.00040293771801101487 0.9967980067222431 -0.7255726045315375
0.929275593621555 0.3619593209249268 0.07370428138770346 11.815224794876794 -0.3607968428649983 0.9321938267007434 -0.02898806029491505 -1.516169706308273 -0.07919917473031032 0.0003456249081777088 0.996858751912956 -0.7426063456298168
0.9247049993711861 0.3734653111112818 0.0737856729622428 11.76661721845282 -0.3722200744927488 0.9276438655566582 -0.030480728989009748 -1.5928977774025255 -0.0798303218241739 0.0007211737941119037 0.9968082060385556 -0.7272325394109431
0.9210483774715117 0.3822113515611799 0.07472863637773963 11.670895783442122 -0.3809257835404158 0.9240748532436573 -0.031324320213277086 -1.685751365865482 -0.08102736445931043 0.0003851499427396129 0.9967118028137792 -0.6576437899133903
0.9193189610884775 0.38627779659585626 0.0751139909754178 11.680891546173335 -0.3849826102487612 0.9223824828533147 -0.031606093263688816 -1.7554643516067148 -0.08149256155782865 0.00013850051132167636 0.9966739402775351 -0.5877480568128214
0.9173038561451274 0.39108081018451885 0.07489616416550042 11.704031202490777 -0.3897904592975567 0.920356340839337 -0.031742774255160026 -1.8424809529192392 -0.0813451494674748 -7.604100069307387e-05 0.9966859891038276 -0.5509276129798006
0.9143986090831941 0.39787462395151096 0.07463891292196406 11.712015957931435 -0.3965494553785724 0.9174397956386099 -0.032446121764062606 -1.905157050143199 -0.08138619751337632 7.066834194921686e-05 0.9966826384864406 -0.5444806010758443
0.9115555283974406 0.40435975378185773 0.07456345062794005 11.72436876859861 -0.40297729848840147 0.9145999249925117 -0.0334106885093836 -1.9238180793014874 -0.08170566413083377 0.00040831991827283644 0.9966564190952567 -0.5271191608219306
0.9095600493405681 0.4087607975464642 0.07493415131145621 11.70665686058405 -0.40734029245099823 0.9126414464941239 -0.034051083492830966 -1.9595175001989422 -0.08230676029054818 0.00044780607206316097 0.9966069419185243 -0.48995088487147176
0.9083773262564285 0.4113053028564659 0.07535635995309156 11.693293133418933 -0.40987810513048595 0.9114976155532991 -0.0342350080368179 -2.023333653924424 -0.08276818276289627 0.0002113830377479345 0.9965688050703445 -0.45369430913931774
0.9061086296210935 0.4163569308505244 0.07492701421331052 11.730741428539824 -0.41491764000064624 0.9092012106554078 -0.03459061374165608 -2.142539003634815 -0.08252577380724911 0.000254313705522854 0.9965888981832235 -0.4099961252153623
0.9029957184601418 0.4231416714592178 0.07449737121105306 11.767562986796767 -0.4216522642042138 0.9060633183098777 -0.03547719414978084 -2.2392200858084386 -0.0825112145960713 0.0006237691718289159 0.996589940937544 -0.3969993123060228
0.9000746761237959 0.4292909822164156 0.07466478412419535 11.734808919429979 -0.42777619786509813 0.9031661022444099 -0.03603493161793325 -2.348104483539584 -0.08290417324073421 0.000494311938087737 0.9965574011139422 -0.36563945766382694
0.8976836812055508 0.4342094528584644 0.07500772990570587 11.72754658151672 -0.4326556791946884 0.9008118034763257 -0.03670365074896923 -2.466677975697677 -0.08350492056064253 0.0004957479908126243 0.9965072415572734 -0.34818577255135474
0.8954338082824235 0.43878644921473 0.07526451335368989 11.727003404534798 -0.43717135532724793 0.8985910289856966 -0.03762138630828154 -2.5908408919971806 -0.0841397710133468 0.0007839719040103597 0.9964536538755194 -0.29447523559217953
0.8930786084769646 0.4434894785962566 0.0756814472329512 11.732530217550549 -0.4417950412855012 0.8962788151777984 -0.038748251044585125 -2.746448468691096 -0.08501611950917089 0.001169546018985984 0.9963788895724909 -0.25245897250027355
0.8903057920075443 0.4489885072060158 0.07592705127117791 11.730331225081954 -0.44722116660845673 0.8935362696762327 -0.03982666079958207 -2.9229058702666717 -0.08572528713976936 0.0015017223395514157 0.9963176802480296 -0.2350134115182103
0.8869731336593908 0.45560749142983475 0.07550148289575448 11.793402851586587 -0.45372637063936594 0.8901772823513961 -0.04143412327903792 -3.0680152772212645 -0.08608740182440053 0.0024939403530569015 0.9962844671621846 -0.23715978685989994
0.8834785784578699 0.4622806691937377 0.07590905279249877 11.79369888432731 -0.4602925289617683 0.8867286220029931 -0.042931791281576176 -3.2218624087420786 -0.08715726698357815 0.00298894805114521 0.9961900807584352 -0.21609356742858676
0.8806020226885399 0.46763900217628535 0.07651039981876394 11.759114869522058 -0.46551324989146325 0.883911625144426 -0.04469511282030309 -3.3929841000339964 -0.08852960980569667 0.0037420018837233276 0.9960665166591788 -0.18034988238513242
0.8782825762082282 0.47192934809723086 0.07682712238241923 11.763359639166193 -0.4697511619462699 0.8816280540682496 -0.045451294040477284 -3.61573859448658 -0.08918274597237387 0.0038294496137383405 0.9960079182097298 -0.18184219630176432
0.8767130919670908 0.47480152768334866 0.0770562371457654 11.800781486444064 -0.4725011167251194 0.8800802058059745 -0.04692042244077974 -3.7083826609564836 -0.09009355730030985 0.004726590532448268 0.9959220904643649 -0.19469362196064605
0.8713510374013264 0.48453322675711874 0.07729761825547375 11.908129379244537 -0.4819157523747601 0.8747448800336142 -0.05077994159148987 -4.080269489292513 -0.09222026476163166 0.006996214926559782 0.9957140532020182 -0.19891645452266574
0.8673030856121338 0.49176321067532613 0.07716412582263367 11.978961046877174 -0.48901021309724346 0.8706936461028535 -0.05255079564286623 -4.350554331996594 -0.09302886204972739 0.00784342160044189 0.9956325183336093 -0.20650602211459043
0.8655084425618252 0.4948745389656144 0.07742303622163339 11.992483957887139 -0.49196847093510765 0.8689189065087203 -0.054285886908596745 -4.4712304834759635 -0.09413904322851856 0.008895200686236473 0.9955193197245181 -0.22336103565103757
0.8646328414574621 0.4964464086846335 0.07714280768372245 12.073795301803411 -0.4934988791341517 0.8680172695287565 -0.05481675011496069 -4.629902698020744 -0.09417486801974252 0.009326473286183596 0.9955119844228402 -0.2321133384763572
0.8610719900375634 0.5026108624607699 0.07705419462427508 12.14094387119338 -0.4994196213022884 0.8644408994400213 -0.05763656160455898 -4.778240030632478 -0.09557755924397607 0.011146852100751848 0.9953595721432565 -0.23440741042185284
0.8609989346797887 0.5027325087471289 0.0770769688628875 12.085204329533198 -0.4995527808170079 0.8643717892468991 -0.05751894585348 -4.746775408653049 -0.09553980143515249 0.011019736971349288 0.9953646124605849 -0.2182012461173667
0.8592332130523762 0.5057330803062169 0.07715139060108354 12.13336147124541 -0.5024662625289877 0.8626129439980417 -0.0585368590476979 -4.8314214508372375 -0.09615581421758715 0.01153084259730692 0.9952995021907457 -0.17082972752747252
0.8585246648017754 0.5069918863099752 0.07677647519168423 12.165117061029738 -0.5037758316714656 0.861877965527742 -0.05810579972318283 -4.887890338848369 -0.09563112124580664 0.011207129587890201 0.9953537506312358 -0.18153565779423955
0.8572854162833633 0.5090412168390485 0.07706331544181323 12.133692617011615 -0.5057890691172411 0.8606692811930449 -0.05853038503333071 -4.927419607126548 -0.09612040672708366 0.011199462918121364 0.995306706217216 -0.17582320612187613
0.8520012834303737 0.517962902968696 0.07621183754013165 12.159652264146775 -0.514557402417833 0.8553132115137992 -0.06058044096034811 -5.079336251006823 -0.09656341258476404 0.012399248290854419 0.9952495998450853 -0.13827983346517675
0.84894257327736 0.5229467104369724 0.07631019145810426 12.139165156627291 -0.5195159023799776 0.8522785585342786 -0.06102856574618094 -5.187671529907847 -0.09695222767704006 0.01216538967184339 0.9952146848005136 -0.0923587703343142
0.8497276927041921 0.5216768157915065 0.07626367495244603 12.157439882332378 -0.5182305486439301 0.8530526049573287 -0.06114206103586026 -5.143864592773793 -0.09695332229392102 0.012431936338971815 0.9952112842281426 -0.09554056078303255
0.8451093365368586 0.5292390964331072 0.07547309523868571 12.240517360176916 -0.5257120926331413 0.8483725590304807 -0.06237625143709146 -5.26742046046932 -0.09704125389504598 0.013037633632226675 0.9951949633874483 -0.039529703117313846
0.8447455689779491 0.529861153960383 0.0751803246594581 12.23500638672485 -0.5263665608487612 0.847986406309068 -0.06210715204603121 -5.2905983816217965 -0.09666006058542602 0.012892332558232158 0.9952339526205992 -0.030454865184509974
0.8412123360263661 0.5353892788600233 0.07563151326543452 12.171346429452147 -0.5318220397807439 0.8445086782671433 -0.06301119214013626 -5.3684628291625405 -0.09760698602315392 0.012783286479482263 0.9951429363997172 0.017505715812207306
0.8396493205504392 0.5378738864743886 0.07537042356344084 12.205064161879603 -0.5342931871412128 0.8429271497337557 -0.06328199124711707 -5.436141217406362 -0.09756950688448232 0.012864777131826537 0.9951455616318954 0.06738491905483941
0.8369158793012726 0.5421767701372161 0.07494104947866177 12.18826926456923 -0.5385621219263622 0.8401626107692347 -0.06385630972413889 -5.52159474145407 -0.09758407554289437 0.013081948975095323 0.995141301932265 0.0972407997849888
0.8369464577173346 0.5421486837338604 0.0748026178690177 12.18364208132409 -0.5384430067766518 0.8401666398230025 -0.0648008162126965 -5.45751967933034 -0.09797834131957005 0.013957867106249362 0.9950906604817992 0.11147930747221436
0.8361007780065081 0.5434582189923319 0.07475729547410803 12.172382867720396 -0.5396862358850982 0.8393119303854722 -0.06553052959325291 -5.458971890433993 -0.09835779487714454 0.014444643376725597 0.9950462785542267 0.13190992827705642
0.8322659747472534 0.5493513857387374 0.07447417179761241 12.155906600864785 -0.5455509900937158 0.8354678062642585 -0.06608828870337506 -5.6793764819164325 -0.09852646591539994 0.014373575856495248 0.995030620549595 0.20577968484658626
0.8319068077275182 0.5499923375941947 0.07375291075130115 12.196476163827436 -0.5462464163667823 0.8350465612301824 -0.06566653016630068 -5.761722871551648 -0.09770320293145442 0.014341170290672419 0.995112262496861 0.21820868346245062
0.8302081333495035 0.5525721214850531 0.07361050113841047 12.171342581243215 -0.5487938243218814 0.8333390663778903 -0.06611610117496898 -5.855824768806474 -0.09787642058486483 0.014493136510819222 0.9950930385082413 0.23128315717415926
0.8285201485171068 0.5551638096305557 0.07312665709361443 12.190798215176336 -0.5513747416753717 0.8316112756286025 -0.0663971421807586 -5.960017263203094 -0.0976742429897282 0.014691178436138243 0.9951099997148736 0.25048153558671066
0.8262515782836565 0.5585808706472115 0.07277183748387275 12.185141474213609 -0.5547019776869077 0.829307079537424 -0.06749432405267666 -6.040858108178789 -0.09805123830941205 0.015400609601497993 0.9950621969956885 0.28028979509016305
0.8242175677954864 0.5615928302849224 0.07265599706750893 12.17034795065812 -0.5576233799554335 0.8272594344802493 -0.0685419155734936 -6.115823389981017 -0.09859800740573468 0.01597876828721183 0.9949990512053941 0.30445491547480824
0.8222142073261398 0.5645797111919094 0.07220489582788653 12.172929372055366 -0.5605416349169198 0.8252115334750314 -0.06941902148862626 -6.21019000008518 -0.09877688391380915 0.016603455370257498 0.9949710812249966 0.3303933898757015
0.8198942106124173 0.5680255782677655 0.07155715085035476 12.187507616273695 -0.5639139378936792 0.82282766826554 -0.07039672567616576 -6.297504299303182 -0.0988663443922845 0.017365793107483006 0.9949491822079396 0.34742856974579467
0.8127663161883661 0.5782162167401789 0.07125252253972028 12.074915668524145 -0.5739017211409071 0.8156780311404874 -0.07284342102256268 -6.63077188291386 -0.10023836461707078 0.018312733641889446 0.9947949105446043 0.3872446115230041
0.8129424073226602 0.577967100563799 0.07126480928425204 12.111843015338325 -0.573627143104196 0.8158495630861382 -0.07308482131238295 -6.62351197722795 -0.10038198578711559 0.018534321622843918 0.9947763245330117 0.4034782627582378
0.81002891502149 0.5820721041879887 0.0710297286724621 12.112198773828355 -0.5776650452506668 0.812918425482454 -0.07393733161711787 -6.764205705567486 -0.10077823338728496 0.018859985081677445 0.9947301385994332 0.39471283732284174
0.806713082326775 0.5867380522103627 0.07037372301671492 12.109897084049722 -0.5822506392758384 0.8095409477213971 -0.0750176447591286 -6.902114303014813 -0.10098611719301459 0.01954257021782836 0.994695879193007 0.4049942920692475
0.8035334495040423 0.5911254032785261 0.0700339426774067 12.070104567681355 -0.5865500173627035 0.80632992688743 -0.0760994489961173 -7.033234291948615 -0.10145478135581536 0.020070042463795276 0.9946376831467497 0.40364252180150834
0.8010704999844457 0.5944413754080762 0.07018194395735577 12.021210276119339 -0.5897867035146047 0.8038837815175738 -0.07695784671083358 -7.146347054452023 -0.10216505474992564 0.020256283369517923 0.9945612020242841 0.41187331436323255
0.7990594648534253 0.5971864070905332 0.06980234103857932 12.02135015585771 -0.5924130005114732 0.8018222989136136 -0.07828050708746012 -7.237999710128628 -0.10271712833389111 0.02119896580437043 0.9944846883666195 0.4234926221776136
0.7963932626388206 0.6007786958369842 0.06944587714123221 12.013357712294319 -0.5959575566164511 0.7991268235059972 -0.07893611762020394 -7.414616289068978 -0.10291920100376176 0.021477396993420626 0.9944578218723625 0.43636770586178614
0.7937190532489224 0.6043587070303358 0.06899722998978267 12.007009615646679 -0.5994691502103511 0.796408967638377 -0.07980911107913705 -7.5612308707502045 -0.10318334388709831 0.021984301257527265 0.9944193723185828 0.4385091632676419
0.7920995899961052 0.6065290568207475 0.06856196292511665 11.995429058955239 -0.6015404420336008 0.7947326329387029 -0.0809267492262332 -7.630798584041922 -0.10357285419468024 0.02285925139715057 0.9943591496534434 0.4183004926021763
0.7900349666611188 0.6092235803481826 0.06849365372438407 11.92026404578345 -0.6041897124147896 0.7926656362893342 -0.08146152747246546 -7.77615851907688 -0.10392084903862739 0.02297429419489892 0.9943201893461301 0.3914319598899765
0.7873578669285568 0.61269362080857 0.06836750987277242 11.849028802375758 -0.6075798416425495 0.7899766914943025 -0.08236238780729213 -7.922520076392185 -0.10447164885908637 0.023309953157097267 0.9942546558445 0.3897076226133068
0.7797387649951719 0.6226217366733786 0.06595173527389958 11.808658097635176 -0.6172194129300175 0.7820798801483253 -0.08597242214511412 -8.215259134977428 -0.10510782400059304 0.02632933893960221 0.994112222661431 0.336749413724422
0.776299978322714 0.6269526563376853 0.06548824602385601 11.611187622239507 -0.6214476167165726 0.7785900105115597 -0.08718058963376565 -8.308800733901764 -0.10564659641207273 0.026980775428379476 0.9940376423575799 0.32575999147198975
0.7743983884958621 0.6294235024165308 0.06428989423483632 11.543349494280806 -0.623913632840045 0.7765675121461143 -0.08760523863060028 -8.471266047823097 -0.10506623935099191 0.027730014152372928 0.9940785339517884 0.3553856163667772
0.7674042808434264 0.6382037552455436 0.061535652541225894 11.181071373689505 -0.6325132499632682 0.7692681695011346 -0.09029657808173185 -8.594099794551394 -0.10496503400703035 0.03037186498797212 0.9940120177608734 0.2470332398567514
0.7672982597239206 0.6383969806731843 0.06084961538094343 10.885932734133595 -0.6327605568511737 0.7691010134995364 -0.08998726980729561 -8.761441903211718 -0.10424710220454125 0.03054383900781897 0.9940822981929652 0.38515614635910506
0.7664085773061947 0.6397564114774936 0.0577029167801555 10.503692947753139 -0.6340077480026569 0.7678262155196572 -0.09207104991990045 -8.784270777791304 -0.10320885671347313 0.03397994605922703 0.9940791191659223 0.4724626608406183
0.7657333247751171 0.6407006852036664 0.05617034189321939 10.421442196133125 -0.6350153268201566 0.7670030812926628 -0.09198808613642942 -8.933607828099829 -0.10201965512754561 0.034769315022024905 0.994174574559489 0.6105412561501331
0.7651183300369115 0.6415588396762173 0.054737521635893245 10.182085852285232 -0.6357974194672134 0.7662029494292489 -0.09324527701040587 -8.972931440019003 -0.10176238224595165 0.03654169562589877 0.9941373758391734 0.6697570865576801
0.7638155936373155 0.6432434153770773 0.053138004201449505 9.841370419623741 -0.6374345988233544 0.7647096704314784 -0.09431994577756325 -9.095996879005515 -0.10130582974041728 0.03817104298550378 0.9941227793074617 0.7223294882752391
0.7615514898332474 0.6461138879275382 0.050756006146349 9.700141146997243 -0.640275583517184 0.7621773530096962 -0.09556599662461439 -9.205221062003455 -0.10043159604676732 0.040280595654518324 0.9941282453130489 0.8131920764590418
0.7581679156406927 0.6502184887035765 0.04896252282196506 9.454183322796235 -0.644402882420464 0.7586233924948781 -0.09610137089425387 -9.430785824261433 -0.0996310033135101 0.04130938522405703 0.994166584567767 0.8544514857526667
0.7572668652384675 0.6512675969647188 0.048963373614520536 9.504525598448952 -0.6454133926582848 0.7577142519579075 -0.09649178699343254 -9.405797680030625 -0.09994222025370562 0.04146841597723115 0.9941287256120732 0.8267130481227276
0.7553461413423254 0.6535783495037919 0.04782831608124134 9.440747444117312 -0.6476304485603067 0.7556373230361288 -0.09791342161503687 -9.42916063673179 -0.10013495322237916 0.04298345140496334 0.9940449758680211 0.8276337761346412
0.7473661723851259 0.6628600063200887 0.04539180978707048 9.085648300839363 -0.6568935599594479 0.747431114163762 -0.09918457775135736 -9.877619522446052 -0.09967274079817928 0.044309610709635544 0.9940332002204587 0.8418770377656267
0.7481285636260547 0.6619712512349314 0.04580081686264793 9.149470043969432 -0.6558889551289938 0.7481839969880707 -0.10015181072126261 -9.756587451029391 -0.10056505768221208 0.044886180383349565 0.9939174512925876 0.8063680790853436
0.7456242977739831 0.6648184581774427 0.045396302003912155 9.014075250470857 -0.6587949911914056 0.7456801043904978 -0.09975139847285211 -9.98132133584545 -0.10016769015098435 0.04447021005950285 0.9939762744990777 0.819559528746257
0.7431413435398821 0.667688254547735 0.04396974255948766 9.039146022815498 -0.6616415787479665 0.7430378246271004 -0.10062411463124546 -10.07170431774863 -0.09985672132436209 0.04568572985537323 0.9939524381447623 0.825234429390442
0.7333137612426093 0.6786272837544642 0.04142387374768123 8.927451454229205 -0.6723589748572505 0.7328868693850038 -0.10397233099220018 -10.342408105795123 -0.10091747371559404 0.04839262781744417 0.993717171569341 0.8086224650286621
0.7328691941288931 0.6790822036314637 0.04183425639248085 8.86555659857698 -0.6728362537338386 0.7325079135482763 -0.10355448928253136 -10.422298794048467 -0.10096593464281102 0.04774429076005945 0.9937436101638637 0.7730972495508882
