1.0 0.0 0.0 0.0 0.0 1.0 0.0 0.0 0.0 0.0 1.0 0.0
1.0 0.0 0.0 0.0 0.0 1.0 0.0 0.0 0.0 0.0 1.0 0.0
0.9999986845088898 -0.0002643384850176734 -0.0016003454799318096 -0.13689787702193826 0.000261684905234227 0.9999985910922716 -0.0016581117217216955 -0.3241992274909712 0.0016007815279332066 0.0016576907542352037 0.9999973447764064 1.902198523151071e-05
0.9999991644676949 -0.0008002678984613029 -0.0010152020516454167 -0.17144950621108318 0.0007960995539795487 0.9999912792768855 -0.004099706779693983 -0.5421490659509828 0.0010184740620783083 0.004098895152356002 0.9999910808447817 -0.04933139394614337
0.999992466665047 -0.0016334495632547607 -0.0035211440868119824 -0.13839982880337262 0.0016065912771561985 0.9999696988947735 -0.007617096347220175 -0.7421008328637123 0.003533479534956129 0.007611381925706539 0.999964790073909 -0.375179215284611
0.9999895968743432 -0.002140937342441839 -0.0040277202470021915 -0.25152924412315975 0.00210195002257522 0.9999511395790084 -0.009659206010129104 -0.9916994382849318 0.004048203205740709 0.009650639457531092 0.9999452371049444 -0.7048276344400123
0.9999866446720891 -0.0025514936941455424 -0.004494480769446712 -0.40893892344744687 0.002496355202557684 0.9999220796036377 -0.012231227732447374 -1.3864573512615623 0.004525338458154708 0.012219844559938632 0.9999150947509343 -0.7653459671226476
0.9999870925050022 -0.0028370759250539914 -0.004214952382949896 -0.3412686763235257 0.0027869648011910604 0.9999259311728347 -0.011847573394381316 -1.1241189578916806 0.0042482526516178475 0.011835673547957011 0.9999209314646206 -0.6111352391724137
0.9999852685786885 -0.0028997559680157144 -0.004588468255907313 -0.38139508995849225 0.0028442503128430943 0.9999232616354372 -0.012057407702549714 -1.2361552149033292 0.004623079684301786 0.012044179327524586 0.99991677897641 -0.5502054583781296
0.9999847816103408 -0.002550225494739237 -0.00489212608672615 -0.3623602460529305 0.0024979776572090183 0.999940097445361 -0.010656529856616623 -1.2279288300312028 0.004919009590001741 0.010644147259731954 0.9999312503736276 -0.528677639033406
0.999985656934075 -0.0030369711549117742 -0.00441165868258088 -0.4462728762337744 0.0029880714677072923 0.999934495389853 -0.011048817056375629 -1.347484969628041 0.004444924637294892 0.011035476231029505 0.9999292279503197 -0.4442897743520623
0.999975900547045 -0.005107814174666695 -0.00470197399859059 -0.5916188819159377 0.005050070220016506 0.9999126803457974 -0.012211817000611339 -1.610065176146889 0.004763939115821132 0.012187777403636461 0.9999143778174503 -0.26253316194917214
0.9999739755623598 -0.004992952091609032 -0.005207554840836617 -0.5436748255076108 0.004925850413005338 0.9999056919250097 -0.012819643274192898 -1.5817833309252762 0.005271071591063738 0.012793658014022458 0.9999042644768058 -0.26857250259544263
0.9999490572554388 -0.00852933663054891 -0.005397528193528668 -0.5897271631737265 0.008454505201169537 0.9998698831542302 -0.01373819867921507 -1.6564946386448587 0.005514003605417577 0.013691865387483407 0.9998910583590843 -0.20657966833200045
0.9998462770697316 -0.016085904548154766 -0.006976095230383289 -0.5869991338033301 0.015974166051093683 0.9997477554330699 -0.015787701717276524 -1.7991454537849612 0.007228295011121894 0.01567383748190796 0.9998510301889086 -0.112746688223281
0.9997309500499503 -0.02200021422700324 -0.007349699734801391 -0.6280849241957686 0.021878184881653787 0.999627914373354 -0.016290421476006463 -1.9863013558072757 0.007705357779490218 0.016125240449299416 0.9998402892872155 -0.04720874851699245
0.9997504064340997 -0.020976926313076894 -0.007687222990652741 -0.7616785407520198 0.020840852506831677 0.9996318450764571 -0.017373346707675055 -2.152961939682362 0.008048832315358821 0.017208802151583394 0.9998195204269954 0.05688029709111596
0.9994543683856422 -0.03205042568898346 -0.007983465914730448 -0.865428485962136 0.031901675460889775 0.9993269205024053 -0.01811046829784549 -2.344771671528099 0.008558540625876297 0.017845900715126574 0.9998041184202137 0.18089099005157905
0.9992888082448569 -0.036547676635944784 -0.009281435723337377 -0.9318423565137596 0.036344183052074104 0.9991139956429574 -0.021220840432068157 -2.5626650819991905 0.010048784744901113 0.020868422146400657 0.9997317294565922 0.2890881611217949
0.999181864303859 -0.03911983786266176 -0.010258671057287568 -0.8655451667935287 0.03889773752367958 0.9990220261453371 -0.02102278031108268 -2.5352991988375466 0.011071046102401868 0.02060654172994992 0.9997263637496661 0.28871282268002824
0.9989920205964179 -0.04359751239624386 -0.01068642585457104 -1.0495120371892168 0.04335459869212949 0.9988175689017749 -0.021996427559867502 -2.76042997608308 0.011632779415526128 0.02151094990955667 0.9997009340182993 0.44972400327437145
0.998675446155609 -0.0500264827778719 -0.012029308657235522 -1.4062912099597753 0.049731604194612464 0.9984819507303323 -0.02367618233544728 -3.1137466412570434 0.013195483701863815 0.023046585140237937 0.9996473048646947 0.592684503938479
0.9986952391488203 -0.04929352562992278 -0.013340450983946393 -1.437873603703274 0.048952955532282905 0.9984943060129199 -0.024753363497402207 -3.151526586926923 0.01454054490510089 0.024068011773978035 0.9996045735004968 0.6263439492123933
0.9984491344079786 -0.05381016574656826 -0.014275575725197196 -1.6862932517937903 0.053433016874745345 0.9982431846683065 -0.025601893893648038 -3.419332362179833 0.015628138328737676 0.024799401718696674 0.9995702831551034 0.7293300453795396
0.9982819548874683 -0.05662226333466316 -0.015068438569337985 -1.7881610414608422 0.05620775449972185 0.9980636066720936 -0.026640671365281973 -3.5456826112644513 0.01654771525488754 0.025747938394248774 0.9995314986473856 0.7924858366508253
0.9981398838162104 -0.05874181790526799 -0.01631475297228229 -1.9338085321335152 0.058262374861737506 0.9978957369368291 -0.028453363224305864 -3.6632602556456026 0.01795182472153259 0.027449900409441393 0.9994619727416749 0.8721829918605234
0.9975661650999996 -0.06732156992897452 -0.018153580087116043 -2.2204277732239595 0.06675992112112568 0.9973195016882487 -0.029948697537707587 -4.076838959616402 0.02012111278190677 0.0286638757777489 0.9993865733767969 0.9901591903771424
0.9975371996676918 -0.06752637616103918 -0.018966386100064733 -2.277632207930344 0.06692479044668947 0.997284367643354 -0.030740241994200185 -4.127282655287624 0.020990657512464483 0.029395213500723844 0.9993474439455176 0.9667877933700435
0.9969865560038795 -0.07465354228758263 -0.021086862531891876 -2.444556107224036 0.07393498141294925 0.9967163579796436 -0.03301696926218822 -4.3729208270507565 0.023482454535027272 0.0313584176850422 0.9992323173162981 1.0514246087800219
0.996744183395328 -0.07759198728250623 -0.021920683774320125 -2.6230019820039736 0.07682688699188417 0.996470647817316 -0.0338212577186862 -4.57262708954212 0.02446757655998194 0.0320270440111003 0.9991874729745115 1.1804338296155552
0.9966576093849764 -0.07864355799457062 -0.02210883174159098 -2.7369936838297275 0.07788392283151914 0.9964046628394665 -0.033344301404375956 -4.712923797753972 0.024651657538537902 0.031510929179040324 0.9991993580476692 1.2118216017196575
0.9961720863275023 -0.08406441843236605 -0.023965558110300614 -2.8021511489245725 0.08319231763650711 0.9959073304673707 -0.03532176959927371 -4.840882507308989 0.026836779020155067 0.03319281059183954 0.9990885969806859 1.25669439593027
0.9953931474137534 -0.09202897982173935 -0.026891429019523606 -2.815244961434809 0.09099451475368904 0.9951470213597546 -0.03744868707378439 -5.033450264932338 0.03020728995595006 0.03482919395822213 0.9989366580928615 1.3074114226938003
0.9958699145783997 -0.0869889012228865 -0.026000851940818068 -2.73747266167106 0.08604772238786061 0.9956634111715462 -0.03535761765313194 -5.085370922600357 0.028963817246266028 0.032974273582268766 0.9990364330554937 0.9873488360120145
0.9958632231062934 -0.08695126345948917 -0.026380270035473947 -2.703562428776424 0.08596530972332343 0.9956309719227576 -0.036454537060841 -5.066497243991108 0.029434781951274563 0.03403594469007249 0.9989870610175755 0.9080084030867338
0.9957666409856099 -0.08837856618673647 -0.02525917138412188 -2.813293203810069 0.08742173438527062 0.995492833562455 -0.036762190942168246 -5.4806005372248565 0.028394313819970974 0.03439836281821973 0.9990047625402579 0.5735667865535679
0.9945974525210827 -0.10070593584508308 -0.02518376310522721 -2.8267084751459084 0.0996877722407118 0.9942596443690129 -0.03886010351105161 -5.712336203714497 0.02895264243999388 0.03613964671619956 0.9989272598297478 0.4049862043875654
0.9946347210215968 -0.10008291779358543 -0.026175968066422535 -2.857645382888337 0.09905010156782983 0.9943505474741721 -0.038158434417792104 -5.811144797310569 0.02984709563248146 0.03536097147614612 0.9989288025573027 0.3778858030881924
0.9946037612324184 -0.10008071604435588 -0.027335113286376504 -2.823217761074363 0.09896446057313146 0.9943057170243315 -0.03952438027597986 -5.88169271981624 0.0311350876953813 0.03660589254177824 0.9988446400443955 0.2009036953503638
0.9942183069868101 -0.10362243755901265 -0.028148685344283293 -2.753873918618821 0.10243839249778092 0.9939073564824169 -0.04067606756565195 -5.956690404249756 0.03219213871045985 0.037557384952409345 0.9987758051939291 0.02280454612204801
0.9937432312856832 -0.10833667917261976 -0.02715794947601267 -2.841692267017113 0.10719278027944887 0.993411649654199 -0.040533963379905884 -6.1576827714022615 0.03137033837647471 0.037369215634940674 0.9988090125709597 -0.09553656075366566
0.9933610423100833 -0.11159812748192412 -0.02792306507454085 -2.8856005731178693 0.11038494164653213 0.9930111810882947 -0.04176073384557688 -6.290194253727739 0.03238833552871249 0.038401200191630736 0.9987373746613881 -0.2613737797037978
0.9929657820975422 -0.11482359457400049 -0.028887674058771344 -2.8685235134972658 0.11353501442418557 0.9926085433339632 -0.04287283755629686 -6.400101253946743 0.033596965385584494 0.039291498183885394 0.9986628170145044 -0.3920657567497623
0.9924744216933894 -0.11903448391246094 -0.028728277429551124 -2.9040148560839834 0.11772683207715733 0.9920893119630617 -0.043579698229041765 -6.552164465304925 0.033688503876722065 0.0398696467046259 0.9986368188576837 -0.48188742464055323
0.9917854385576091 -0.12466398106387425 -0.02864499415958861 -2.9233874364325203 0.12332628376013133 0.9913679869645351 -0.04449878825090503 -6.747154093465312 0.03394512629247837 0.0406005695426733 0.9985986792269446 -0.5973900637710154
0.9912493914662425 -0.1287595099717423 -0.029079761169034886 -2.9104958845650613 0.12737881181107338 0.9908244814200075 -0.04518279894353096 -6.943405473218795 0.034630654331247374 0.04108327653205513 0.9985553976470107 -0.7279723193748266
0.9907509364208315 -0.1325254088425604 -0.029147864284769835 -2.923313316711949 0.1311041663717528 0.9902907364411517 -0.04621639188437038 -7.0698784750859485 0.03498970621795553 0.04196752708886023 0.9985061077073211 -0.8231824934049289
0.9899584007537354 -0.13834528829425996 -0.029033532060162612 -2.9474617281170565 0.1368854749968216 0.9894536106298639 -0.04737002371141894 -7.21773632708036 0.03528075271312798 0.04292008409013204 0.9984553745008798 -0.8878749965490714
0.989165905063795 -0.1438115825174804 -0.02947950123636015 -2.9543954157959806 0.14230408264706973 0.9886542282861175 -0.04808705599180142 -7.428958039980309 0.03606050916588088 0.0433710228816502 0.9984080298419556 -0.9854920882485687
0.9884528795161421 -0.1483832942439056 -0.030713237627698876 -2.83475194365668 0.14678287714248098 0.9879504156759092 -0.04907915182209617 -7.575909846909232 0.0376256821070974 0.04400425155740644 0.998322560043018 -1.1173437858843986
0.987966908148626 -0.151486798748808 -0.03119516321619351 -2.7218937557654828 0.14979950959786123 0.9874131487760144 -0.05074820734253531 -7.615276425827257 0.03849019781044465 0.04546452935067889 0.9982241638246554 -1.1873802671568174
0.9873733441712481 -0.15540649343230453 -0.030703436601854706 -2.7288081929907952 0.1537280169506352 0.9867938925359084 -0.05104420102479031 -7.752310665776689 0.03823056400988986 0.04567970504402384 0.9982243177375382 -1.1970780060581088
0.9865308124990576 -0.16072524023493498 -0.030403176501424087 -2.783135906390307 0.15903143682841037 0.9859178397130867 -0.05172055138699822 -7.9045834489862035 0.038287832143458156 0.04618885673954522 0.9981986933586147 -1.197856124968733
0.9858725087962369 -0.16463758261788713 -0.030819844087173757 -2.772351182639456 0.16289639811553058 0.9852517280689672 -0.05238125445332508 -8.015298529859182 0.03898922775339178 0.04662079714951064 0.9981514621500763 -1.2332407550286704
0.9853859662111094 -0.16752935388250326 -0.03079631766813211 -2.7843499752536425 0.16575227212185994 0.9847272160854864 -0.053277520465702145 -8.109997339921248 0.0392515207431047 0.047394361354948324 0.9981047503298973 -1.2541447822634155
0.9831842366595852 -0.17992893475969923 -0.03121434318317229 -2.776195877492924 0.17804156196112408 0.9824670695455687 -0.05531418871310778 -8.49870614914134 0.04061968732720726 0.04882658799041835 0.9979809644009512 -1.3106233905020905
0.9820937486914035 -0.1856393106288924 -0.03209229082666273 -2.646415175018885 0.18364286351010264 0.9813507594864429 -0.05679775996634547 -8.521078468937237 0.042037690981822834 0.0498872048186153 0.9978697807491232 -1.27415107536757
0.979771810916302 -0.19737568129955113 -0.03301573814615572 -2.669682052166015 0.19526026068990363 0.979018650961088 -0.05827445122562865 -8.670966822686806 0.04382498293334964 0.05064900297019971 0.9977545035573712 -1.1745921410762672
0.9804252126628806 -0.19395541675136324 -0.033877701925595756 -2.989716928102562 0.19178877036975667 0.9796911578709652 -0.05850045084877375 -8.802126907254136 0.0445361643500107 0.05085795416902004 0.9977123826848756 -0.8985016587251665
0.9804671427537653 -0.19390530521913046 -0.032938041656281225 -3.040064746074411 0.191822971588819 0.9797338252659281 -0.057667835061102436 -8.852079177156028 0.04345261270752623 0.050223144442330114 0.9977923161716648 -1.0051110550219697
0.9778989896963433 -0.20597937264626154 -0.035861734413324256 -2.8963155082086876 0.20357593748271355 0.9771442914246168 -0.06120352452533709 -9.241946748660347 0.047648752648034365 0.05255027859623369 0.9974808592602391 -1.0125821343054167
0.9789276176169123 -0.20093538710664768 -0.0364100216312439 -3.452577680572721 0.19853782998912758 0.9782205023545514 -0.0605588873446563 -9.4334183192833 0.04778545312220165 0.05205400062931075 0.9975003415981317 -1.0998716307223266
0.9787073913095972 -0.20157817333846662 -0.038705067232844205 -3.627180460508571 0.1989728982470603 0.9780221707232042 -0.062309063040943 -9.501251080921636 0.050414560983278345 0.05328108113958006 0.9973061207239537 -1.0407695730026714
0.9784331635705138 -0.20242481749519484 -0.04114289352296825 -3.785179155787036 0.1996803988318374 0.9778670262751012 -0.06248053493891222 -9.69259250394752 0.052879889823669445 0.05291759807409565 0.9971977963605353 -1.2588847693884204
0.9783703725690975 -0.20257684993610037 -0.041881188485782615 -3.888050069156315 0.19978127528683942 0.9778321745137994 -0.06270311420006103 -9.723021011291065 0.05365497296410671 0.05297979195493787 0.9971530903129321 -1.6387855118276393
0.9781518483081012 -0.20329990818564245 -0.04345237603587411 -4.231396069691915 0.20037329816957725 0.977655735498358 -0.06355945427565855 -9.834481684320693 0.05540309587107434 0.05346410177757652 0.9970316378074553 -1.9128751337764671
0.9782829420362658 -0.20286232225619572 -0.042536613989617715 -4.172404427898899 0.20002596142516654 0.9777752265216915 -0.06281099550556558 -9.798047212741787 0.05433323179064645 0.05293849836636659 0.9971185562980456 -1.7070727512606332
0.9776271898743305 -0.2058798938915653 -0.043110867651057774 -4.44687375180507 0.20296529409392622 0.9771150911630517 -0.06364894354815932 -9.99922182891877 0.055228317118986556 0.05347492788801529 0.9970407539692532 -1.8858738017421173
0.9724989290387106 -0.22818887111938932 -0.046644100546890006 -4.472874132511335 0.22494334275406352 0.9721400096358308 -0.0659112601600633 -10.40749510424683 0.06038481240508915 0.0536063500204789 0.9967346856953885 -2.282626159860579
0.9746880373182153 -0.2182844479050781 -0.04832317985762422 -4.940125398930058 0.2149270703600103 0.9743763232777504 -0.06631089700952032 -10.473185339613396 0.06155959986257455 0.054246478581740185 0.9966281830383091 -2.4754922034407496
0.974550357455315 -0.21846235108965478 -0.050257357074458636 -5.003613040466564 0.21499757810180364 0.9743580847370925 -0.06635031362270598 -10.59204118986698 0.0634637076925697 0.05385651180547385 0.9965298961607025 -2.477378437284166
0.9744643159752785 -0.2190127668157934 -0.04952479038352161 -5.17233351118147 0.21555239717140107 0.9741974238563127 -0.06690697590980803 -10.672510919911337 0.06290040512193508 0.054523273227345966 0.9965293531612971 -2.4488180326282296
0.9724055473877762 -0.22746552489394498 -0.05183518490573651 -5.204562125043523 0.2238377308828069 0.9722844773083901 -0.06752455418881195 -10.910783690710376 0.06575805382404513 0.05405858090889601 0.9963701863200196 -2.5532922357392103
0.9714219844678909 -0.2313367150931306 -0.05312863956843748 -5.429640010982328 0.2275530498102199 0.9713326655636211 -0.06879289448151782 -11.094590531905192 0.06751990532088169 0.054737346108460073 0.9962152806128102 -2.537029021141354
0.9708400009215659 -0.23348100795924606 -0.05437197378208217 -5.668899052204416 0.22958774075876068 0.9708110991537137 -0.06939221176224536 -11.311341051305003 0.06898667917731015 0.0548855963099845 0.9961066255244884 -2.5820109961705926
0.9706724471630217 -0.2337065496385217 -0.056358220115744206 -5.793380368694556 0.2296458464318017 0.9707384046033197 -0.07021207193091428 -11.405726159202182 0.07111810975538572 0.055210492519696536 0.9959387611598187 -2.636873793374521
0.9705120392296649 -0.23433026175449762 -0.05653061238263096 -5.81634036201701 0.23028325781527234 0.9706107882416982 -0.06988790252128843 -11.461826646336041 0.07124607273577721 0.05480899720765456 0.9959517914762831 -2.7414168560934664
0.9698343139580109 -0.23708526413877756 -0.056674341618140806 -5.961698543360673 0.2329809510380558 0.9699167125833488 -0.07057936741659636 -11.589207324209422 0.07170271907680381 0.05524625036841445 0.9958948598608298 -2.841029587913185
0.9686382857202711 -0.24170127497435887 -0.057622609387941254 -5.988256678734951 0.23749298095915378 0.9687695768372938 -0.07129229263838689 -11.744631741026916 0.07305446893955916 0.05537147885212733 0.9957896584609046 -2.9985035452244464
0.967598135138239 -0.24552995886318416 -0.05889726799821764 -5.899678795890365 0.24124369758273825 0.9678343181747311 -0.07140175726039387 -11.965095272188949 0.07453406773831257 0.0548796124613384 0.995707236532141 -3.151540973101032
0.9659679709949085 -0.25188222539269445 -0.05883216418941644 -5.763780852523944 0.24746584584442108 0.9661277707027642 -0.07319689759425324 -12.179324101978406 0.0752763850918213 0.05614690737825077 0.9955807303475529 -3.3122503854934244
0.9639790031481285 -0.2595798391674833 -0.05798955584698175 -5.744682993384109 0.25512765548869165 0.9640472402558091 -0.07431552973647011 -12.500821515474689 0.07519548453458175 0.056843870847716124 0.9955472934284211 -3.4126797049564352
0.9631890840629893 -0.26234219131340675 -0.058680175517677235 -5.697124522343351 0.25771466214928623 0.9632199472207679 -0.07609524419642223 -12.714247473261608 0.07648490867606025 0.058171366950701985 0.9953723679165998 -3.571492592093171
0.9611247553689962 -0.26988826603014915 -0.05830547552447069 -5.665669626309473 0.26520628706469923 0.9611051111812583 -0.07708819989227707 -12.992963738033371 0.07684289113673416 0.05862839858391396 0.9953179798241519 -3.6593815362854154
0.9602519405455319 -0.272727534207438 -0.05946345738079947 -5.600750692127004 0.2678666736011839 0.9602527034961602 -0.07849962166895018 -13.142009824615045 0.07850895396313039 0.059451135510278426 0.9951391393338682 -3.8048491190772555
0.9583721174844168 -0.2792129185466364 -0.0596911261840037 -5.572495781258893 0.2742905410318319 0.958387789345243 -0.07910464167430292 -13.405046212888308 0.07929428433948248 0.059438971648437325 0.9950775975372285 -3.919630564553225
0.9574645786930511 -0.28219588676719465 -0.060225094768074354 -5.507664005341436 0.2771040082698484 0.9574353418665552 -0.08081419891129181 -13.493465299899142 0.08046706872336867 0.06068811775435092 0.9949080375665378 -4.035711395458829
0.9551292547699883 -0.28994513425280466 -0.06049732064858593 -5.5460473422346315 0.2847076460891471 0.9550671200353831 -0.0823914588152979 -13.842873053146116 0.08166800438918739 0.06147044290110783 0.9947621432828183 -4.144884243441574
0.954771918981951 -0.2910747852618861 -0.06071286608520333 -5.599244533206268 0.285778291102748 0.9546993750278643 -0.082944991746426 -14.037675728960542 0.08210573096883311 0.06184312982189713 0.9947030090614489 -4.126091279537688
0.9540060171677238 -0.29350679980934524 -0.06104324429012949 -5.528229243500085 0.2881564233564987 0.9539493858594078 -0.08334533518359878 -14.097875905933417 0.08269458801020918 0.06192194832329247 0.994649323847185 -4.132436633411295
0.9532612924242435 -0.2958199729557192 -0.061509771306274254 -5.538132519111807 0.2903765982325702 0.9532089294010759 -0.08410807398195021 -14.26033829267872 0.08351251142525598 0.062315973157367734 0.9945563734273155 -4.176810408850721
0.9523394259116648 -0.29879910714580027 -0.06138983159386128 -5.519104129247706 0.2933132206189739 0.9522568731944516 -0.08470066153265839 -14.451130662229414 0.08376737112012037 0.06265733016029747 0.9945134923734329 -4.170437360290938
0.950764652306232 -0.30369078695660323 -0.06179386573681284 -5.443327315391339 0.29800934619625014 0.9506179802252748 -0.08669420541258424 -14.61214084296674 0.08507059130336507 0.06401063653889351 0.994316666311681 -4.195902734509462
0.94942645426494 -0.30790140195290944 -0.061531574149762215 -5.482207041403005 0.30220361011579894 0.9492581589249033 -0.08707425421731303 -14.83153229101734 0.08521963374066821 0.06407553659514059 0.9942997232400032 -4.16222896736359
0.9480460101028536 -0.3120474570036687 -0.061928566151754294 -5.480579606003982 0.3062269831566067 0.9478647049994691 -0.08819033849061812 -15.005503693944439 0.08621947294476208 0.06464430055178391 0.9941767030519741 -4.187433153358171
0.9465706428134735 -0.3164256037857633 -0.06228045787014465 -5.438648761682468 0.3104953820092701 0.946382734301527 -0.08917588220420689 -15.20307189193475 0.08715868238229182 0.06507347758339108 0.9940668018803256 -4.176035760738564
0.9453719089911353 -0.3199530279576062 -0.06246609953587127 -5.437857542402663 0.3139092136374753 0.9451474131982148 -0.09031817601259501 -15.443539553786776 0.08793724628374786 0.06577558228931796 0.9939520177003143 -4.139208444559139
0.9450022820426359 -0.3211109084418889 -0.06211659531755336 -5.45328104557373 0.31506998632617916 0.9447394690156903 -0.09054412957441817 -15.4793824003131 0.08775870697908858 0.06599333423605826 0.9939533636875328 -4.108709687399592
0.9421648657058644 -0.3293343431615037 -0.06216314216511762 -5.4699752174030545 0.32306905212247106 0.9417948950901449 -0.09299872656573756 -15.89711814655257 0.08917260448225323 0.0675371453093848 0.9937237949316216 -4.106452965332682
0.9400111082783584 -0.33535851028847263 -0.06256025807490889 -5.536065126805294 0.3289025463463171 0.9395957250052863 -0.09477862922998637 -16.204992801114013 0.09056617094816267 0.06851673612266211 0.9935306867685963 -4.1250353875431545
0.9401224800928369 -0.3349404737808543 -0.06312369957126131 -5.494406031468029 0.3284745627802437 0.9397769506600772 -0.09446557369958575 -16.25773226620483 0.09096254190838117 0.06807467981210484 0.9935248632711906 -4.159178708741008
0.937458015466116 -0.34216682262541254 -0.06398698877720845 -5.459850344293375 0.33531652698490483 0.9370023638461087 -0.09792546592997424 -16.77162479202735 0.0934628052710101 0.07034511810531198 0.9931345671104274 -4.2192316022095495
0.9351061319162615 -0.34844902352919155 -0.0644965119535086 -5.502029399931474 0.3413006786438432 0.9345508521395154 -0.1006407050977761 -16.980932134439772 0.09534342562478641 0.07209703715741267 0.9928301206265085 -4.190828375934747
0.9357734248802677 -0.34669154201592095 -0.06428897247966552 -5.6248515772213965 0.3396807248726658 0.9352768075434592 -0.09936950448357648 -17.047368408649618 0.09457855167979898 0.07114961676603904 0.9929716157051978 -4.14997759957292
0.9323224149377883 -0.3555980519021536 -0.06576427668554582 -5.556928798487521 0.348182974872536 0.9318177577612371 -0.10239278455900949 -17.67859938930386 0.0976909955599348 0.07256508667554588 0.9925677697680257 -4.357281769558074
0.9290158731421528 -0.3642201889693012 -0.06536942249323292 -5.5209271817538506 0.3564903602399242 0.9282888426546548 -0.10580381684470283 -17.857379229811464 0.09921759171609669 0.07498985631446507 0.9922360560592373 -4.343515360189396
0.928658070836818 -0.36489428832506804 -0.06668092543891055 -5.72424732580433 0.3571130568988434 0.9281031627473001 -0.10533178006109518 -18.115525755821814 0.10032174271817486 0.07400457854901085 0.9921990074031336 -4.270838850892975
0.9264096972098057 -0.37044221320868426 -0.06736200404304699 -5.632260983640545 0.3624034707575376 0.9258217433935632 -0.10732112486648336 -18.332221179142284 0.10212148304120311 0.07501110672939068 0.9919397847494025 -4.490728450053355
0.9215924577417064 -0.3818681155203111 -0.0695994553324574 -5.882136894167058 0.37308150285052716 0.9209280828582944 -0.11270163456558403 -19.051017536285777 0.10713325377491917 0.07789870699779247 0.9911883057137352 -4.4421922908720415
0.9230422451822481 -0.3782494870767522 -0.07014512909031353 -5.807149667611278 0.36964882024573914 0.9225651806683894 -0.1106039651606245 -19.009695501723712 0.10654934678287299 0.07616306811370194 0.991386112347578 -4.602783571024632
0.9235060945509086 -0.3770952992028736 -0.07025402939642092 -5.8265124053904875 0.36833889824735 0.9229233778495481 -0.11197720596944946 -19.273296918378836 0.10706516410703684 0.0775343403782538 0.9912242312901944 -4.612920739478101
0.9234402908347528 -0.3771554120355952 -0.07079424012795334 -5.758038983505551 0.36837931605657487 0.922932403869016 -0.11176966220879374 -19.390038141440424 0.10749283122480843 0.07713347561750965 0.9912092201823144 -4.610652759979263
0.9209425194026216 -0.383572367662209 -0.06882670065000422 -5.8890783636555595 0.37478789546936453 0.9201695997539687 -0.113234010342653 -19.746400304850354 0.1067656750365186 0.07848660047830995 0.9911815899114291 -4.612185594161472
0.9194233273282116 -0.38677851716564865 -0.07115563100605733 -5.517503548611319 0.37756837364482526 0.9187615201602843 -0.1154096715876976 -19.771530289329842 0.1100130373543531 0.07924422838238833 0.9907661095738716 -4.747193491031453
0.916509011547805 -0.39394768813811737 -0.06940065390399046 -5.578059013806683 0.3847480775766944 0.9156357547515671 -0.11653360640424584 -20.056382271101505 0.10945386495098225 0.08010233224553027 0.9907590362020995 -4.700394213141753
0.9139516812921895 -0.3997058972988136 -0.07019629568386057 -5.685960106732163 0.3901278174225645 0.9130005915898228 -0.11929042639606087 -20.404466821630116 0.111770346408574 0.08164015814044821 0.9903748150283836 -4.5463274372538285
0.9160761389746551 -0.39485021235497914 -0.06998440829585488 -5.646747213636678 0.3854789470527253 0.9151860643089652 -0.11764543796426283 -20.466921946231857 0.11050108135405845 0.0807946625582898 0.9905865603376977 -4.445468071504588
0.9160374399373261 -0.39515732005506676 -0.06874664384516616 -5.70763741292123 0.3855965767417643 0.9147963794931516 -0.12026164838081264 -20.842462549966083 0.1104114515714295 0.0836557019762209 0.9903590434225127 -4.472182022961736
0.9152534795659167 -0.3968458937297874 -0.06945793527234852 -6.005863361167762 0.3868267874317899 0.9138087579964221 -0.12376829292776478 -21.53687084284514 0.11258820838654904 0.08641117079902212 0.9898772675910108 -4.575551495952238
0.9155078708621451 -0.39620592956473766 -0.06975815197673656 -5.687295896601874 0.3862006417200561 0.9141198371062117 -0.12342604159555476 -21.466414363407697 0.11266944006466711 0.08605686949146776 0.9898988900331391 -5.034604985385055
0.9153941056460169 -0.39669107195695674 -0.06848229536292931 -5.75670601982216 0.3867450943302282 0.9138285080584179 -0.12387772144839816 -21.348280296592407 0.1117222599128716 0.08691174425463595 0.9899315558919095 -4.813226632077501
0.9143538144684314 -0.39911203303108783 -0.06831315434692449 -5.693000183132823 0.3891751064665231 0.912794331252464 -0.12389207133691765 -21.475049825403637 0.11180267650555689 0.08669540889327725 0.9899414465527847 -4.855627861908669
0.9095092523154013 -0.4102122578414306 -0.067222194767219 -5.288226072400401 0.4001170424895008 0.90776719772574 -0.12595660777676468 -21.811536663906644 0.11269104783496608 0.0876619544033164 0.989755580680426 -4.931222658542186
0.9094808697579074 -0.41034616721255684 -0.0667875033098965 -5.217298382051806 0.400068808800439 0.9075178811638418 -0.12789153057535066 -21.881062609204566 0.11309065288256273 0.0895953035703941 0.9895368541942858 -4.918421573865227
0.9099667214181386 -0.4092563383706121 -0.06685667816312235 -5.279659964201428 0.398964368529823 0.9079907489806129 -0.127985282002434 -21.901897478405438 0.11308403315733526 0.08978891506817888 0.9895200615327351 -4.913653368245545
0.9055297801563124 -0.41922269308259696 -0.06533108643395182 -4.821294675745733 0.40863666686233335 0.9031657138354924 -0.1315589899918844 -22.325188905089252 0.11415731139839233 0.09243390588207243 0.9891532142684843 -5.079095590941719
0.9077282006437527 -0.41433123134107996 -0.06602381760731708 -5.013633866454447 0.40379901527242296 0.9054717443756374 -0.13064178275872276 -22.099292500426895 0.11391167201425177 0.09192687785810673 0.9892287804679861 -5.108452722821305
0.9080603912170887 -0.4135779661787163 -0.06617848437483445 -5.00089634614804 0.403017688588205 0.9058002557932459 -0.13077705949411939 -22.09232969711173 0.1140309983631449 0.0920823679994339 0.9892005706204985 -5.162860803674469
0.90878934784551 -0.41202090222711596 -0.06588396899467361 -5.044155156814003 0.4015470167928643 0.9065223003233888 -0.1302970157799539 -22.17904571632143 0.11341038112664348 0.09195702879259553 0.9892835742638953 -5.34536085763323
0.9112812323417865 -0.4062823415405978 -0.06709079321284289 -5.110814434402261 0.39565810995172435 0.909042762287036 -0.13075135319760206 -22.145984373089032 0.11411036592295429 0.09260623783451148 0.9891425120290142 -5.681741264262308
0.9116506211058836 -0.4054103681360625 -0.06734670329749025 -5.149120154202178 0.39479143093313745 0.9094531594702827 -0.13051695978419223 -22.10755567720622 0.11416160080791908 0.09239796608866473 0.9891560770493465 -5.687599442109299
0.9163300008702919 -0.3945383502820449 -0.0684018980860895 -5.463114169973661 0.3836863879356358 0.9139944855125013 -0.13190464800629115 -22.00732296714196 0.11456039986820936 0.09462330901780681 0.9888995622269007 -6.15709631502345
0.9171054478145582 -0.39264458978559336 -0.06890445341894923 -5.505192827204283 0.3819270470378486 0.9149508918833278 -0.13037099440778835 -21.97392985269511 0.11423365672958617 0.09324747478632736 0.9890680361411736 -6.306007886447264
0.9158305197734723 -0.39570672615097674 -0.06834212412802979 -5.417966260772286 0.38495748339471386 0.9135841930580489 -0.13104067373493056 -21.990379367208597 0.11428996031964632 0.09370223622395163 0.9890185518466091 -6.101696774962655
0.9165404380676305 -0.3938627681591404 -0.06946758412970314 -5.416552536315939 0.3831344766806905 0.9145010390989466 -0.12998393079755224 -22.030558889887992 0.11472400867043674 0.09252010238313522 0.9890795885516995 -6.1055707468293505
0.9167254569317544 -0.39332893893064547 -0.07004842905419059 -5.3871825445063015 0.3826006173190472 0.9147890750680413 -0.1295288221333929 -21.99766285925202 0.1150269717951158 0.09194179645770366 0.9890983276822265 -6.13204744494661
0.9172370243477354 -0.3921774771814564 -0.06980736033758453 -5.465231518884961 0.38149974127208053 0.9152801264310448 -0.1293067576336518 -21.999965589138306 0.11460448758688117 0.09197345569226907 0.9891444256896815 -6.135889495785777
0.9172706716888581 -0.3919217872850068 -0.07079426184937133 -5.391751431987172 0.38119012416271114 0.9154537844819814 -0.12899014581918458 -22.01047451551242 0.11536292342122362 0.09133280423243775 0.9891156225491267 -6.219788940965897
0.9179025669846765 -0.3902938609488389 -0.07159315350359038 -5.381681721756814 0.37945550079049767 0.9161305516520462 -0.1292994015824197 -21.938390690812632 0.11605343787573069 0.0915178367062097 0.989017737516289 -6.2885525501672
0.919892973405418 -0.3854766310218338 -0.07214349877430541 -5.503091738512041 0.3745790612295759 0.9181141169330824 -0.12944881295931537 -21.843673664509666 0.11613545697896648 0.0920556094122499 0.9889581995251494 -6.345422224748295
0.9220884755083039 -0.3800733018736009 -0.0727813749366567 -5.655486846983977 0.3692086098964094 0.9203847886378089 -0.12875109017991898 -21.821792949433945 0.1159217223523513 0.09184838619732118 0.9890025420795499 -6.411703281439028
0.9233697580895116 -0.37694650594216506 -0.07279849932321353 -5.772875911476397 0.36610563285163306 0.9216468555662849 -0.12858358845165532 -21.79593413393718 0.11556364237954066 0.09207825629751194 0.9890230731773567 -6.460736526695381
0.9242189695462811 -0.3747386948517427 -0.07341802851905048 -5.792308313008606 0.36383027365441806 0.9225307679566839 -0.12870320176990163 -21.74905408374437 0.11596046008603848 0.09223823910983137 0.9889617176324625 -6.5395251220734965
0.9256881947992948 -0.3709587102599599 -0.0741012907545598 -5.86295444385801 0.3600143390724441 0.9240513772199812 -0.12852520344317944 -21.704915617630277 0.11615094348070966 0.09229673634611076 0.9889339061779595 -6.651964891225129
0.9274224149139766 -0.3664808476772499 -0.07469573348520493 -5.972194899375783 0.3555410778340361 0.925843329747526 -0.12808071960544004 -21.669799229380356 0.1160956772999893 0.09222752868746319 0.9889468522951357 -6.752690693403663
0.928990152881371 -0.36238358617338956 -0.07520260847578053 -6.072165810284568 0.3514466534008417 0.9274560021148428 -0.12771301403741514 -21.63308941934298 0.11602821063344586 0.09221442735973193 0.9889559918034347 -6.858569805638782
0.9306793425609924 -0.35790847749204113 -0.07574617528014436 -6.17894860640809 0.34696349977296165 0.9291837646364551 -0.12741217116642617 -21.58532672874096 0.11598401249974802 0.09229871762582292 0.9889533131392438 -6.976101308816479
0.9328112738355412 -0.3521111199920131 -0.07668693880504604 -6.311001989787968 0.3411181921707247 0.9313812631244046 -0.12715078321026846 -21.522293310265677 0.11619598261341664 0.0924483741272727 0.9889144511765038 -7.1181993825441126
0.9350830965053205 -0.3458264352851269 -0.0776123655612194 -6.449436925122334 0.3348043651272876 0.93372489044432 -0.12674330773842885 -21.463039681975022 0.11629978384220031 0.09253056588362543 0.9888945619506228 -7.283885252032302
0.9376095340689872 -0.338717185634328 -0.07847948635726326 -6.613660463205866 0.3276544515410903 0.9362927147878933 -0.12648522688617567 -21.384945695059812 0.11632249141180577 0.0928796015877413 0.9888591697510073 -7.452937999567428
0.9399020099502228 -0.3321540305339241 -0.0791069636100597 -6.773457107215992 0.3210828132698763 0.9386139711026512 -0.12613342250821283 -21.32805812663581 0.11614662592705194 0.09315317091221395 0.98885410856949 -7.630130275161513
0.9454420053188878 -0.3157184380908933 -0.08038210266005223 -7.215452659864654 0.3046787124006533 0.9442139051457192 -0.12502393186654273 -21.245798815752966 0.11537025954935892 0.09371216131823416 0.9888921751296142 -8.136232071195606
0.9485585988571565 -0.3061047076670374 -0.08084857746570315 -7.492785940804617 0.2950884452473697 0.9473174089182474 -0.12454933256316356 -21.193334155281946 0.11471440195390759 0.09428485935989235 0.988914036344839 -8.862916934230597
0.9468954982181084 -0.3112037595203115 -0.08087728676648259 -7.3299292671968335 0.30012442443724124 0.9456730809820071 -0.12501101456364455 -21.230821529922906 0.11538737067157917 0.09409911777715686 0.9888534323766379 -8.757146406411675
0.9462274002034253 -0.31325196216916623 -0.08078932665542109 -7.282401168256793 0.30216686249369185 0.9450094424371341 -0.1251093158617451 -21.280318471531487 0.11553741521684431 0.09397000533064147 0.9888481904636156 -8.16638530242496
0.9462598812586047 -0.31332311970782706 -0.0801302675460799 -7.275765592421428 0.3022487337075725 0.9449241747397825 -0.12555479666078107 -21.283447994942954 0.11505624751669508 0.0945881950822272 0.9888453535606373 -8.045033211696417
0.9459296125057326 -0.31423579758959863 -0.08045515333390733 -7.246147884111716 0.3030148911834604 0.9445483715072727 -0.1265320101952673 -21.225750051141297 0.1157546712052349 0.09531126584095792 0.9886944010653438 -8.125618017914283
0.9461859864772721 -0.3136343435267171 -0.07978456965227275 -7.2882139690418875 0.3024981177086731 0.9447360132885622 -0.12636753530224648 -21.25933952051243 0.11500855523284083 0.0954325089066484 0.9887697752596587 -8.1178333490323
0.9466099580322471 -0.31269391992627604 -0.07843532237025357 -7.407425971302253 0.3016787108720393 0.9449853368141731 -0.12646212323384579 -21.309366430713172 0.11366416656437299 0.09604803822756847 0.9888656286836242 -8.13443134422956
0.9462606420258035 -0.3137873447895956 -0.07828345676329734 -7.33345033031475 0.3026771495105581 0.9445400881589149 -0.12739923478944135 -21.2990173982019 0.11391813076539403 0.09685826815850467 0.9887573693137512 -8.164417482763719
0.945992597379618 -0.31422524142784003 -0.07975276391812822 -7.1998467725398205 0.3032389268480332 0.9446678324445914 -0.12509532200889814 -21.544161295231866 0.11464797838174269 0.09415510604353947 0.9889341014743646 -8.133563274975609
0.944663969043463 -0.3185849183418786 -0.07818973971149135 -7.172850497382559 0.3076750771759186 0.943156378438848 -0.12566659339271313 -21.660688982929493 0.11378063313168565 0.09465566869043317 0.9889864872226098 -8.122851826323398
0.9430747510404254 -0.3233756382082811 -0.07770592360579559 -6.985218024847061 0.31239663789882877 0.941477876696106 -0.12660074376290825 -21.762717897601885 0.11409800427506729 0.09511889562646335 0.9889054763298902 -8.205784535963957
0.9396082073371812 -0.3336084583375027 -0.07643175537879612 -6.628212652816129 0.32247945696956887 0.9377725056215775 -0.1288011161941555 -21.98472250240015 0.11464474055631052 0.09637491492043315 0.9887206173823073 -8.394907044596385
0.937672447598636 -0.3392087523739512 -0.07555000547512276 -6.455381171916078 0.32800139914022935 0.9356729352642936 -0.13012009981541478 -22.069714314628044 0.11482797209930205 0.0972295249748064 0.9886156767403255 -8.566956398522995
0.9378699583135252 -0.33856660854201714 -0.07597758138650348 -6.376783782764406 0.32718576147262385 0.9357994215064601 -0.1312589813985164 -22.13627893941334 0.11553968488172495 0.09824507259171074 0.9884323380630952 -8.832302698191544
0.9342027390228277 -0.34898391939441686 -0.07399639454970851 -5.9355080989131155 0.3374198070580426 0.9317240214317295 -0.13430644694883118 -22.586986538270097 0.1158150085574446 0.10050160143606876 0.9881732195832981 -9.417795637392567
0.9357343262422373 -0.34475890560679545 -0.07444842306450307 -6.09458654814223 0.3331975301312465 0.9332882878653683 -0.13398648307865815 -22.492301494819568 0.11567487456844798 0.10056972078191648 0.9881827030743955 -9.243918784472216
0.9351035428665482 -0.34648622187224826 -0.07435497408460902 -5.9715143173579275 0.3349326990072373 0.9326705219392553 -0.1339618775671037 -22.721841818047956 0.11576463732141049 0.10036431416728217 0.9881930748530726 -9.281544044544566
