1.0000000000000002 -2.70902232096465e-20 2.5892488623598818e-20 1.387778780781446e-17 -4.1533139928669495e-20 1.0000000000000002 4.264033256393467e-20 -2.775557561562892e-17 2.7521078840911373e-20 -1.2236310221873845e-19 1.0 3.7781900285914254e-36
0.9999987255909907 1.6457515362280237e-06 -0.0016863091421425982 -0.2057569584770619 2.132328008504406e-06 0.999997311066696 0.0024679345713349756 0.3239197620819898 0.0016862149299012156 -0.0024679020852222486 0.9999958778207578 0.3607743367114006
0.9999959464166237 -2.6641315161624447e-05 -0.002849862602004105 -0.34428722363701336 3.8230776438312765e-05 0.999992025037761 0.003920774763689511 0.4922904401711178 0.0028497156388798536 -0.003920862770983005 0.9999879910972471 0.5968609769458046
0.9999912452126578 0.0001635876272697167 -0.0041603949043358115 -0.5050634961282496 -0.0001404398456537636 0.9999846189236385 0.005473847303835527 0.683205211502383 0.0041612195184030625 -0.0054732364244424875 0.999975975525068 0.8587192871073785
0.9999839464000463 0.00031215972968729003 -0.005631938357617542 -0.6862068354797263 -0.00027233772505978884 0.9999747554552695 0.007072239302266068 0.8804492139713611 0.005633939523278817 -0.007070575800740946 0.9999590042350234 1.1181811124699148
0.9999737570008906 0.00039117682541193885 -0.007228014147596499 -0.883385266027351 -0.000327887165777607 0.9999617091017806 0.008706279811895768 1.0828643650543226 0.007231133047068844 -0.008703602395091676 0.9999357112933271 1.3832002975172097
0.999959937213265 0.0006973866310609108 -0.008926537758632362 -1.0940621668208432 -0.0006051218041238634 0.9999463856139071 0.010303062727966196 1.281611063101686 0.008933254383816267 -0.010297290773874127 0.999906795890766 1.6523980251558479
0.9999410319156702 0.0012386963610736817 -0.010775806307151633 -1.3238591959094002 -0.0011102258013146657 0.9999281253475868 0.011895933104171424 1.4803698329435409 0.010789781597293898 -0.011883250310796494 0.9998706467011008 1.894575074469667
0.9999172919737789 0.0019425195277495446 -0.012704575127713193 -1.5670505026667323 -0.0017712499749437645 0.999907451047925 0.013471965237372659 1.6634573624456945 0.012729577367450309 -0.013448149705098557 0.9998283200099288 2.1229635010628964
0.9998864168418196 0.0027387791986039642 -0.014813388327028807 -1.8270384199873726 -0.002515811633353464 0.9998835134144249 0.015025805189530636 1.8722576018632489 0.014852806912157037 -0.014986799532445994 0.999776935462077 2.3019057040030684
0.9998493282037217 0.003701148517905922 -0.016952365141262915 -2.0966839833769293 -0.00342170656565241 0.9998580854751381 0.016489058926193782 2.0415268594164075 0.017011062311212428 -0.01642845606364849 0.9997202802681029 2.4550286559593113
0.999802025673713 0.0051439877832050555 -0.019202910404426572 -2.3767860895819766 -0.004802988299269822 0.9998303481172381 0.017744511658644827 2.1985248239222672 0.019290934680918675 -0.017648411285810805 0.9996575147755504 2.548709082675631
0.9997438920768761 0.006614648654895414 -0.021633203454352656 -2.675804043914006 -0.006205857187232448 0.9998015685733791 0.018909156648726683 2.358066892506433 0.021753958638786194 -0.018769847922016882 0.9995868592743683 2.5853194031317126
0.9996742914192984 0.00823399620985397 -0.024162823027520007 -2.9888444422248703 -0.007750675657093097 0.9997694257704988 0.020018399333585773 2.495381453895559 0.024322140824850874 -0.019824472781315387 0.9995073472351609 2.5743705958342677
0.9995926973576021 0.009875874056911869 -0.026771274432507867 -3.3108036969353196 -0.009314762991597733 0.9997357119742232 0.021000714835301745 2.616264886766296 0.026971658676144226 -0.02074259762583433 0.9994206136245598 2.5316793782376728
0.9994550637184859 0.012067062225947786 -0.030722932196763083 -3.7948419406741847 -0.011384261996213209 0.9996861493573158 0.022290527132156672 2.7721610891989332 0.030982492154345117 -0.021928633551479025 0.9992788815747367 2.357697097600909
0.9992334763910143 0.015190810186876498 -0.03607606433410632 -4.444191055816396 -0.014342338647830157 0.9996167918885749 0.02366149802311703 2.9333958635720543 0.03642184730143083 -0.023125763744073775 0.9990686521411246 1.9991201056500212
0.9989673750201811 0.018212109692214058 -0.04162037393794402 -5.113031616663594 -0.017187194227227923 0.9995429018985016 0.024847234057326643 3.0775478015359985 0.04205410373192838 -0.0241059776222427 0.9988239350913007 1.5374852181386087
0.9988181459141098 0.01966775670654813 -0.04444547677557322 -5.4468344671075135 -0.01855452991361596 0.9995067900565848 0.025320210850421302 3.120816839555312 0.04492181312248286 -0.024465358116872133 0.9986906901458211 1.3109883049056157
0.998653917424958 0.021264684040733492 -0.047309430420375984 -5.788010010819677 -0.020062199028617164 0.9994668414234954 0.025757244023468212 3.1688723133047545 0.04783214940567989 -0.024773091611061906 0.9985482888776511 1.0843630126912662
0.9984980896068181 0.02201309851251592 -0.05016790489410452 -6.129952525431215 -0.02071653459960951 0.999441197682192 0.026222592340529583 3.20557129604776 0.05071744238700624 -0.025143620117982646 0.9983963650603888 0.8615336885072025
0.9983250052143791 0.022980457669005496 -0.05309105863720457 -6.477462979557096 -0.021583047085915553 0.9994086173772622 0.026742245142809918 3.263899121938171 0.053674603529998144 -0.02555117840755381 0.998230874761926 0.6627962268177913
0.9981473202037289 0.02366068152291327 -0.05605093196958309 -6.829702945077214 -0.022163217019035193 0.9993839384649357 0.027185303220362413 3.3135853425007977 0.05666005032598365 -0.0258921685913701 0.9980570582720937 0.48478762568307104
0.9979664636345428 0.023984696523161726 -0.059054811996850316 -7.187897945896588 -0.022384853523382257 0.99936772167861 0.027606211833944287 3.361171718059518 0.059680013032108244 -0.02622766424295376 0.9978725782060819 0.33024667634551785
0.9977622317837594 0.024653640425547692 -0.06215539694232576 -7.55981559083295 -0.022941627225496936 0.9993415434112721 0.02811654279743699 3.4439860680574776 0.06280803713698278 -0.026627361807881913 0.9976706751298869 0.19441205111322116
0.9975655365142992 0.024613777770409528 -0.06524677479309315 -7.931059054164348 -0.022788932057998517 0.9993316111416509 0.028568811003933887 3.473597914336601 0.06590684745682342 -0.02701193137056148 0.997459981733965 0.12068946527438733
0.9973541568868318 0.024685640555721006 -0.06837471924234051 -8.309581595940445 -0.022745161456130408 0.9993195923882935 0.029014579492769515 3.527006612425287 0.06904500113165854 -0.027382181329866393 0.9972371389379711 0.06932367185080984
0.9971347804093484 0.02477188405041612 -0.07147470198666354 -8.683471307051871 -0.0227131870002292 0.9993070132214331 0.029474937603063266 3.5972366407626413 0.07215587404190056 -0.027766601479053257 0.9970064532034666 0.03360311183328214
0.9969179912651163 0.024775598489497435 -0.07443916995247513 -9.044727293001946 -0.02260024583497293 0.999296381252616 0.029929680546136848 3.6530980108338524 0.07512884755752616 -0.02815456211214642 0.9967762416654251 0.017822328875427174
0.9967192382748807 0.02413717087759185 -0.0772544163244296 -9.39418082021192 -0.021845154234239186 0.9992993900114431 0.030384677426400917 3.695920385271988 0.07793430600318524 -0.028596862316252112 0.9965484753305587 0.054116611543251494
0.9965155653867139 0.023565208752152716 -0.08001116295175224 -9.737466818288555 -0.02115114068461434 0.999298833594868 0.03089088743961753 3.7605636562354903 0.0806836448255958 -0.029090401490454193 0.9963150274668847 0.12606047236332285
0.9963034040005243 0.023352678584468944 -0.08267257570860033 -10.069404898725718 -0.02081416607649522 0.9992886447104302 0.03143614286706795 3.8455323490419033 0.08334862718714237 -0.029598663846354737 0.9960806098061733 0.22063740418915556
0.996089233189884 0.023517017762621228 -0.0851704163318764 -10.388115488383246 -0.020858695743563378 0.9992708443889314 0.031966714808675585 3.9157926301065067 0.08586096420176939 -0.030064791078052676 0.9958529657405305 0.3610851094885761
0.9958872124179105 0.023443423307084776 -0.0875196213692441 -10.692237205418637 -0.020666073981841615 0.9992573852384944 0.03250708914354345 3.9884178547339215 0.08821739183704631 -0.03056407701799406 0.9956318558557665 0.5317573909267046
0.9956832933571501 0.023928993645996616 -0.0896802889938274 -10.976029695172091 -0.021033381730212037 0.9992302584452877 0.03309622598750824 4.0679569822220305 0.0904040683087634 -0.03106673517153639 0.9954202141446681 0.7245588240311044
0.9954866649174283 0.0245289173561749 -0.09168125483897832 -11.24373454954447 -0.02151417783312353 0.9991989917227196 0.03372734858565148 4.153869615622297 0.0924359756592877 -0.031602220105209175 0.9952167712210161 0.9455355083740666
0.9952952874708147 0.025402532417397844 -0.09350103579775285 -11.498050758265217 -0.022270163263192234 0.9991596004070951 0.034394655782566924 4.239958644640345 0.0942970000227628 -0.032149901717008766 0.9950245780880247 1.1863731230748842
0.995109992233017 0.026418704172057345 -0.0951777292705905 -11.723765166497822 -0.023170109337097275 0.9991154648058457 0.03507894755601279 4.339206276606995 0.09602111260060553 -0.03270158377129183 0.9948417338280824 1.4316114281478527
0.9949410076247358 0.02727507125856991 -0.09669195842443058 -11.938137336848861 -0.023905033529399555 0.9990712769628438 0.035846064114600236 4.444347716266049 0.09758075615221692 -0.033352854134826054 0.9946687695288782 1.6948002973745675
0.9947814881607244 0.02804033906632871 -0.09810351884115134 -12.141304816331438 -0.024548340238050772 0.9990272997836321 0.036627392898865484 4.55196237519121 0.09903597240089881 -0.03402744985458531 0.9945020730524059 1.9654052031651945
0.9946375639287474 0.02850498643562168 -0.09941729243065225 -12.333387156389216 -0.024890958195907247 0.9989894483017435 0.037409119701332066 4.66008399443875 0.10038405220453425 -0.03473334012011416 0.9943420618869021 2.239454718066765
0.9945170905204359 0.028475056905675096 -0.10062228435310204 -12.51317997505088 -0.02474352416443374 0.9989650654959591 0.03814090448637515 4.762536488968937 0.10160513098961413 -0.03544152646029982 0.9941926424015362 2.5193215517002754
0.9944218338468395 0.027977147748780278 -0.1016996273075272 -12.677589177968763 -0.024134676942834093 0.9989540079828039 0.03881917259797551 4.858858495865243 0.1026802770590116 -0.036147656227471056 0.9940570210407916 2.7983224226575727
0.9943539368821906 0.026644446309064027 -0.10271669460116395 -12.835575169340766 -0.022691491225671195 0.9989628173833008 0.039467691823817964 4.952156865218325 0.1036624961314249 -0.03691331735875831 0.9939274232298808 3.081872406760837
0.9942901760506863 0.025185809889565668 -0.10369997802395328 -12.988868166072503 -0.021125594676095878 0.9989731448463206 0.040067055050404234 5.038988318218497 0.1046036051072291 -0.037647048179173546 0.9938009421737237 3.3565663641583288
0.9942407015845282 0.022976724050140368 -0.10468071592233796 -13.142673657901417 -0.018816622133491494 0.998999360919714 0.040559953449784615 5.113055701759211 0.10550874676477873 -0.03835598927248758 0.993678176003515 3.633123106031694
0.9941915276779126 0.02064109709192991 -0.10562902470963927 -13.295494662267641 -0.016389187913187813 0.9990255963498721 0.040966896611646514 5.162046018276471 0.10637265399332939 -0.038997099874353104 0.9935612414454691 3.91506854563652
0.9941346508589699 0.01804823281415615 -0.10663453384100688 -13.449615210504184 -0.013704535857007413 0.9990509529773629 0.04132985362545199 5.234104931957163 0.10728024999901663 -0.03962551699628206 0.9934385722574053 4.174201625581886
0.9940708253303376 0.015612326789969351 -0.10760865747928058 -13.606631275132393 -0.011184598413524791 0.9990696757232785 0.04163006753478407 5.269978991185182 0.10815946423761116 -0.04017892608518708 0.9933209232065391 4.454318324768829
0.9940014335637403 0.012755420562032216 -0.10862295281544948 -13.765742982473752 -0.00824249570004007 0.9990873032796154 0.04189522897740816 5.315754173849166 0.10905930084529392 -0.040748061087102196 0.9931993037576577 4.719646068742991
0.9939125901448118 0.010184551987459791 -0.1097012301699251 -13.930306202508737 -0.005588789483929179 0.9990961083130535 0.04211919869716434 5.370577433328913 0.11003213919213975 -0.041249243559381005 0.9930712704519161 4.972910577243018
0.9938203909887733 0.006759714315062687 -0.11079718478628847 -14.10032855745064 -0.002078994102772315 0.9991021556385358 0.042312189498281014 5.407166019140732 0.1109846300538764 -0.04181969084061391 0.9929419026828811 5.230566396624985
0.9937060067661133 0.003614935334124196 -0.11196159244806253 -14.281612107128554 0.0011510878750730378 0.9990959999049804 0.042475467709373195 5.448542383174341 0.11201495393899756 -0.042336293893795576 0.992803735770762 5.469243066903594
0.9935706068239398 0.0007313552331401224 -0.1132155920167373 -14.467538151060213 0.004118262352424785 0.9990837793587255 0.042602296463942695 5.46706638355171 0.11314393305782548 -0.042794092803957406 0.9926569609280584 5.712001504791649
0.9934165659189783 -0.002256755762211863 -0.11453591335279129 -14.667482619141332 0.007189892211579305 0.9990622758317398 0.04267842816008649 5.473112446658875 0.11433330218760566 -0.043220293468323144 0.9925015282892166 5.9446334607258375
0.9932311921077166 -0.0055485966807236 -0.1160213465733005 -14.884987882056583 0.010566679961203085 0.9990321696194087 0.042686668647097054 5.4845688514422966 0.11567326134291446 -0.04362312584523969 0.992328987927192 6.154278897380164
0.9930131135726562 -0.009155807832553734 -0.11764832738850643 -15.11732425543225 0.014261586598989106 0.9989881636277607 0.04263291252379529 5.501688176776619 0.1171400261341908 -0.0440121458637674 0.9921392184235935 6.344582832495287
0.9927618789947426 -0.012824228432304553 -0.11941472307385621 -15.37004193686351 0.01800873319362674 0.9989360185320424 0.04244031389568248 5.486284872086423 0.11874455720217073 -0.04428299585913744 0.991936574268232 6.530979183315853
0.9922863711172355 -0.019740443783001802 -0.12238662014252846 -15.788301963849943 0.025024075389152762 0.9988125275295574 0.04178948194091302 5.414998450562818 0.12141756214356347 -0.04452929410448958 0.991602047092839 6.7751712200707885
0.991453412655414 -0.03008130171897008 -0.12694778639214846 -16.420551122802777 0.035425390936046755 0.9985685427384262 0.04005154777147193 5.20493163193903 0.12556259317635107 -0.04420577705491042 0.9910996563473962 7.050331348262405
0.9912020734563779 -0.03295264707895108 -0.12819112273486732 -16.59451884981234 0.03829421005823209 0.9984873991972181 0.03943080318012612 5.113625507201885 0.1266993476258148 -0.04399238629280489 0.9909647739972015 7.119360771892338
0.990378121969188 -0.040462371499258035 -0.13234098208864759 -17.158596421297137 0.0457724305289725 0.9982532145301716 0.037333094606880994 4.864996847976026 0.130600583841174 -0.04303093633078296 0.9905003463022296 7.272773521369001
0.989752086265458 -0.04560860030090662 -0.13531721831910828 -17.564712970468385 0.05087661705945492 0.9980645201755226 0.03573218488876604 4.66282253954319 0.13342707747627067 -0.042249823870245694 0.9901571376690647 7.375441402108862
0.9890887978472263 -0.05057536499656944 -0.13836714065007366 -17.980628762364198 0.0557564501396512 0.9978701224140845 0.0338293515106968 4.420973090324691 0.1363630196622005 -0.04117442910947165 0.9898025406776342 7.4715424012338385
0.9884012216995285 -0.055251801496380364 -0.14145931501894138 -18.402853443809626 0.0603057117572514 0.997676089815314 0.031695174318530674 4.148455343936444 0.13938072355746944 -0.03985764839329357 0.9894364446948248 7.565477993707625
0.9876928153459453 -0.0597116447752646 -0.14456006211808672 -18.823835558882323 0.06460872986066232 0.9974758430828738 0.029420798213745963 3.8561557049360338 0.1424400036517814 -0.038397834851822556 0.9890578043619667 7.636246634502215
0.9870095518047114 -0.06324195587972505 -0.14769403915376944 -19.251484185229028 0.06795118931032283 0.9973213794016499 0.027062189492766724 3.5531304102051293 0.14558839962729603 -0.0367458682919497 0.988663073626033 7.714653415410951
0.9861880720591106 -0.068429360959607 -0.15083556791129413 -19.6826276129408 0.07295999386318341 0.9970280295424861 0.024707307946631334 3.2497302757299593 0.1486983247867906 -0.03537027956171614 0.988249474826563 7.802279341614878
0.9852666528128031 -0.07459202020155098 -0.15390326887068 -20.107544588771482 0.07895681317900458 0.9966249856011643 0.02244332586247994 2.94333480738562 0.15171138098246045 -0.034263721518570794 0.9878311165691561 7.893631196917984
0.9843655882103072 -0.07978550993760951 -0.15703312771171782 -20.537309680281577 0.08399722968110476 0.9962571454003945 0.020362938872500954 2.689020065377858 0.15482250825772007 -0.03323426943833618 0.9873829191742672 7.976283426781271
0.9834216644168609 -0.085244964839291 -0.16004946314512677 -20.958906778459205 0.08932947330343133 0.9958296025586326 0.018491163508450214 2.4329146668124246 0.15780760834409938 -0.03248098636302045 0.9869351439027135 8.07384588022142
0.9824186894754321 -0.09081262630212712 -0.16311689590504927 -21.383532443308805 0.09479249171991035 0.9953550648829143 0.01677360663335441 2.2252809291946005 0.1608377504215068 -0.03194023572078536 0.9864638380515933 8.159976249326936
0.9812758215072026 -0.09766933951213921 -0.16600947670387853 -21.788937679516994 0.1015758926809564 0.9947113310587314 0.015193565283260674 2.0208547244188737 0.16364935905462188 -0.0317710962058941 0.9860070239270121 8.254309618565136
0.9800163514500847 -0.10523609269492679 -0.16880221418140015 -22.185955221126395 0.10909257771392732 0.9939364509583292 0.01371644251499624 1.8150203664099138 0.16633719532967078 -0.031856803317225395 0.9855545537270232 8.362574270642794
0.9786771391703304 -0.11300004639747419 -0.17152979246799446 -22.574268624784093 0.11682902020285663 0.9930744430355549 0.012368095359753714 1.6400575383176221 0.16894619187868368 -0.032143214121993606 0.9851011905287325 8.473398989167642
0.9773276410429436 -0.12037577412166432 -0.17418688986155734 -22.953912127191145 0.12419702824738323 0.9921941732962959 0.011172264813713811 1.4992934135071083 0.17148436315304372 -0.03255194714041785 0.9846492884410285 8.59079580994047
0.9758034533913529 -0.12884327863393558 -0.1766564776807689 -23.318162005929956 0.1326805879878034 0.9911073733009214 0.0100405270772553 1.3381272661835035 0.17379395790402066 -0.033235998676290734 0.9842212768584733 8.740815498521075
0.9740582950277812 -0.138460607287506 -0.17899641830709584 -23.667772061114636 0.14234914119565015 0.9897750509059969 0.009009707067668965 1.2278483507699076 0.17592076116233402 -0.03425539921082681 0.9838083122869776 8.892097751075925
0.9722439167037819 -0.14808485512228367 -0.18114414945069116 -23.993201969863463 0.15203492734499405 0.988341673881078 0.008046774208910942 1.0935551535050356 0.17784284605864936 -0.03536313861017499 0.9834234285926717 9.088898241736153
0.970508450844796 -0.15674646073964887 -0.18315190064605222 -24.308237664819558 0.16075151647715638 0.9869683626608807 0.007140633390733589 0.9756542342944479 0.17964807358964946 -0.036371551500480014 0.9830585461759404 9.302448440265714
0.9685898156273499 -0.16621651964614187 -0.18495019964841183 -24.59891551965077 0.17029890189637104 0.9853715091774787 0.0063031463961780825 0.8666353326085855 0.18119920351350086 -0.0376014094396539 0.9827274235144438 9.532855059451492
0.9664018523103118 -0.17687844881056183 -0.18650033276332786 -24.8609287870001 0.18105007851497992 0.9834580073620622 0.005444991659757168 0.7543271453205529 0.18245444909932906 -0.03902758109772124 0.9824393814960128 9.78644270949786
0.9643981135872668 -0.1861752714750583 -0.18781829563317873 -25.093981930151315 0.19039805712426436 0.981695451378713 0.004541288524521588 0.63551894171124 0.18353729036394956 -0.040139319929143595 0.9821926648380414 10.051371147692482
0.9623954784041403 -0.19524663888622826 -0.18887551943816697 -25.295079268166454 0.1995017522706853 0.9798897411954356 0.003602165605236805 0.5114862067777217 0.18437623616179769 -0.04114710743845287 0.9819939008578457 10.333668583106297
0.9601261384658195 -0.20537403621439668 -0.18968412781822128 -25.463969907488636 0.2096742330925416 0.9777671679094091 0.0026728428052964995 0.3882940010149252 0.18492018275124603 -0.04233761175668341 0.9818415658371608 10.62415863489731
0.9578912435357337 -0.21507640386388147 -0.19022863531181278 -25.597789741231455 0.2194087992026538 0.9756301725626007 0.0017638084339521346 0.2669686157165099 0.1852159512472488 -0.043426967592320134 0.9817373694480085 10.921502222853865
0.9561688360880499 -0.2223818536811477 -0.19049474816885745 -25.695009283556026 0.22669632403941672 0.973964562371444 0.0008879956228909483 0.14981302249124345 0.18533993711271993 -0.04403297906038505 0.9816878202223374 11.228680780434079
0.9544850423153962 -0.22947204661969037 -0.1905303472848105 -25.765410199073013 0.23375934919351604 0.9722935966225821 3.367220963873045e-05 0.04398780522626157 0.18524621417686202 -0.04457013376317451 0.9816808449447313 11.54011575249957
0.9524080305573904 -0.2380805415638566 -0.1903613539640696 -25.79999699029109 0.24236941739754583 0.9701832175771883 -0.0007672031891964211 -0.07330319047922466 0.18487032754576907 -0.04540685366943062 0.9817139245823656 11.86146300420369
0.9507482751079012 -0.24488491804568496 -0.19002620627159214 -25.814846970506217 0.24914201933939284 0.9684647675773821 -0.0015282701272321736 -0.19116677781276187 0.18441046813370973 -0.04589033535087856 0.9817773162526912 12.172117257417634
0.9496521318810706 -0.24940736869917657 -0.1896260123208637 -25.81036803591171 0.2535930581048999 0.9673080954901999 -0.0022536748911872627 -0.27556339931027 0.18399109927759655 -0.04594741244567554 0.9818540469323896 12.445812818307083
0.9485412599827694 -0.2540391191473212 -0.18903447110412402 -25.78166120522535 0.25815282349303037 0.9660985648267788 -0.0029483343461526004 -0.3851336235603235 0.18337747606919502 -0.04600274734856373 0.981965325208722 12.721306746673338
0.9472752265004382 -0.25919336117370295 -0.1883851298064621 -25.73367456937216 0.26325562332003705 0.9647188323051183 -0.0035675867755839527 -0.4557158258638058 0.18266571004759147 -0.04621374208249622 0.982088445000764 12.95484110179088
0.9463300518874568 -0.2631644021918169 -0.18762820612885192 -25.67384432753696 0.2671612970366883 0.9636419459217533 -0.004118253281706051 -0.5461399931353822 0.18189268588244306 -0.04622956907179839 0.9822308168514234 13.19330769220832
0.9454179510026455 -0.26747807566288967 -0.18612172195572357 -25.532723090271233 0.2713240436162085 0.9624744305105991 -0.004972035788481717 -0.6642576138582463 0.1804697439740585 -0.04579841718725371 0.982513695670677 13.572500558248905
0.9447977919223057 -0.27017581023497633 -0.18537148111210672 -25.452401153219412 0.27396653605055166 0.9617238835402053 -0.005341921469713259 -0.7011035466004086 0.17972164041075195 -0.045738285566501787 0.9826539739256721 13.71729960472207
0.9438347595304288 -0.27455373193915034 -0.18383867970961135 -25.28754261728 0.2782012566115989 0.9605025864861388 -0.0061593304324100515 -0.8287923755434189 0.17827088763432902 -0.045330455589313985 0.9829371739853952 13.990101177263854
0.9429640295595614 -0.278319111158591 -0.18264154520111814 -25.153930203141144 0.28183484395266906 0.9594367215724448 -0.006946707326432294 -0.9383359140280579 0.17716891099156 -0.044924071017982695 0.9831544754695044 14.18565218473353
0.9421225366489694 -0.2816435883774729 -0.18188559730355539 -25.063891041200204 0.2850892078077348 0.9584708649581789 -0.0074623886179225555 -0.9955901278846593 0.17643614575146466 -0.044822674171549906 0.983290838424637 14.287072307223447
0.9432859136265426 -0.2779884225923926 -0.181479945882406 -25.017108420145075 0.28154360226510206 0.9595260403982201 -0.006393838429788422 -0.8486665944671323 0.1759145886218054 -0.04506306691930876 0.9833730113593465 14.348012887847393
0.9442201415360573 -0.2747855201860531 -0.18149848838871036 -25.023399662660147 0.278480032271185 0.9604269410286155 -0.005309461858404065 -0.6897570410841656 0.17577708977758938 -0.045530116993810876 0.9833771671570861 14.344586728103955
0.9455672143696547 -0.2702047517376561 -0.18136368730380917 -25.00362044948553 0.2741056042703315 0.9616920007877255 -0.0036798880650037906 -0.4745204558654057 0.17541251148170492 -0.04623308004564185 0.9834091426127278 14.367665701560904
0.9465141669842401 -0.26699722402981113 -0.18117413160475182 -24.98258678826709 0.2710127044363156 0.9625709240351079 -0.0026809291743889537 -0.33707744822616165 0.1751111378536099 -0.046562575654359485 0.9834465047959182 14.401164173868388
0.9478741214543189 -0.2623479206291851 -0.18085519938441497 -24.949208136203914 0.26648133441750993 0.9638381646861739 -0.001488418632099203 -0.1868076311457963 0.17470790773387695 -0.04678337209155846 0.9835083954527488 14.459858386872435
0.9496976205136666 -0.25594172757480443 -0.18046957329765742 -24.902021677162544 0.2601969113865633 0.9655551314145571 -9.145254066265289e-05 0.020205615953641867 0.1742788977479991 -0.04687066751092764 0.9835803392612475 14.511084871257388
0.9516729940119628 -0.2488465599672274 -0.17998406136378187 -24.84503095160665 0.2532384257919363 0.9674015928114401 0.0014801026314907257 0.23713525243117695 0.1737508548241786 -0.04698699771900636 0.983667819022525 14.578711968323482
0.9536934727140334 -0.24143523624735216 -0.17938287515412923 -24.773437882903146 0.24598340035544516 0.9692676367267601 0.0032232663188243964 0.47800066341214 0.17309411108454176 -0.04719880220336946 0.9837735161613564 14.656680883662363
0.9557812540132403 -0.23359079202474778 -0.17865626593532366 -24.685568113274588 0.23830549332046516 0.9711757747267749 0.00509861947523561 0.7373722878043961 0.17231791541489108 -0.04744752187207347 0.9838976779290488 14.743591276562313
0.9580152564855461 -0.2249116392723131 -0.1778282877901384 -24.58546735485522 0.2298093521132471 0.9732083653991923 0.007172369547802587 1.0244820920239062 0.17145316076739622 -0.04773746681892142 0.9840348072550951 14.842624366761113
0.9603520191299025 -0.21548638071329804 -0.17689104295629512 -24.47127654562014 0.22056332564019554 0.9753273245803238 0.009324546399658228 1.3231017488620531 0.17051952478230645 -0.0479701557448963 0.984185695113796 14.949832331050418
0.9627586450137775 -0.20539684299367322 -0.1758077260126114 -24.33742027669602 0.2106493006351806 0.9774922763814994 0.011553687616146523 1.6324639726547125 0.16947981433084433 -0.04815682578477225 0.9843560386025538 15.064230975803785
0.9650965702563825 -0.19526519610267612 -0.1745294569596626 -24.1799089561747 0.20068074040721848 0.9795589038072958 0.013769553611479884 1.926387899310808 0.16827535138144828 -0.048313075227149456 0.984554909194921 15.194011855053423
0.9674041334695177 -0.18483973963210748 -0.17310158017778635 -23.997154036065748 0.19041522675293263 0.981571693528036 0.016034327267307667 2.241573792988073 0.16695004319793572 -0.0484722405833576 0.9847726783756557 15.310707367903309
0.969662010125319 -0.17417737081793858 -0.17151778187216857 -23.79512189167113 0.17989919415174588 0.9835141053605487 0.018284040202401486 2.555337313970263 0.16550769120795392 -0.04858464606698426 0.985010613909056 15.445399498309342
0.9719551566554927 -0.16264444763494948 -0.16985472354447162 -23.577778543488964 0.16849277609919586 0.9854886289127737 0.020510571070536374 2.8806934191368945 0.16405604069488536 -0.048554113939767274 0.9852550633796237 15.5668491797475
0.9741353478587438 -0.15107968325445922 -0.16803501170719506 -23.340277416028346 0.15703612283557045 0.9873321011227139 0.022671822251899645 3.1829389199344345 0.16248287797419486 -0.048472323182162956 0.9855203704692409 15.693255085912272
0.9762341145894952 -0.13920121610434957 -0.16610341943953566 -23.084141142768583 0.14523851837259857 0.9890870733464362 0.0247158383495658 3.468697099203783 0.16085220691901722 -0.04825245452428692 0.9857980970914969 15.805783526646454
0.9781329280878076 -0.12774043508927937 -0.16413020309479545 -22.82027326699663 0.133826569360829 0.9906485220583576 0.026533187157333545 3.723026154892229 0.15920793172310874 -0.04791733990626268 0.9860812189552586 15.908742480821036
0.9798719786710983 -0.11661001284170971 -0.16202973572927987 -22.540005612097666 0.12271248117244132 0.9920423265029301 0.02815015768383082 3.9352180505108416 0.1574596111525831 -0.04746596698084991 0.9863838444922357 16.014005894764804
0.9814043624036586 -0.10614047262678301 -0.15993942367060637 -22.254084049245574 0.11224049481509742 0.9932403140097371 0.029581524208623526 4.150250449722868 0.15572019644506296 -0.04698250038096354 0.986683463387856 16.096795888044937
0.9827642439159839 -0.09621529850718517 -0.1578538191802687 -21.970538061850785 0.10229350401404308 0.9942758661299803 0.0308301399242598 4.325346893360779 0.15398554169726503 -0.04644563383174643 0.9869810605443161 16.180933980915533
0.9839595656755822 -0.08695361060404179 -0.15576769872494178 -21.68623453378186 0.09299969478513655 0.9951529521117529 0.031948174061997334 4.4822605402842175 0.1522362970136718 -0.04592128824223721 0.987276655872245 16.26171180997926
0.9849947936944737 -0.07854695157897926 -0.15367502721138387 -21.40025727176902 0.08455664307365429 0.9958726529176087 0.03296557068270747 4.625213539365602 0.1504529573920243 -0.04546440488106237 0.9875711670289218 16.3381522516485
0.9859718886508358 -0.06962553239170345 -0.1516971491367363 -21.129199651549904 0.07558888463990417 0.996561879596219 0.03390453630002993 4.7570839723700455 0.14881652442039361 -0.04489482473726908 0.9878452007487671 16.406067154371396
0.9868295268580961 -0.061199922843423515 -0.14974197128981856 -20.86349901872426 0.06711673113802485 0.9971381805947749 0.034784772557319266 4.866285524984187 0.14718618964294342 -0.044376429814708435 0.9881130607323956 16.476847699966925
0.9876728808556335 -0.051417872219724464 -0.14784871887953896 -20.60006612207274 0.05727246822030844 0.9977227073831322 0.035621303701873865 4.998097226748064 0.145681938530425 -0.04364936836882526 0.9883684768053356 16.527647085807512
0.988408556987909 -0.04185909352414589 -0.145934867427251 -20.336564973779105 0.047636059692478465 0.9982038001197443 0.03632365568874133 5.096850485449759 0.1441536486470236 -0.04285356361512929 0.9886270785174684 16.58673731577675
0.9890207357507936 -0.03302141916237079 -0.1440415096905189 -20.076565217552872 0.03871982503113843 0.9985661796409337 0.03694141146184733 5.183885632311001 0.14261659564449602 -0.04211229652788372 0.988881516838769 16.650411665267008
0.9895516213900309 -0.0243830490159591 -0.14210338159738078 -19.81414525730064 0.03000464331884582 0.9988429331947479 0.037553676024835024 5.2562008026317875 0.14102492723220705 -0.04142435641904336 0.9891385883657099 16.72950799340427
0.9900051556735708 -0.015136939625651482 -0.14021640542511454 -19.553844001658124 0.02069172921490103 0.9990530711390974 0.03824656981423791 5.36888329457495 0.1395060820006093 -0.04076465968899852 0.9893812589827976 16.796724011162553
0.9905035911664386 -0.0005427142144206371 -0.1374881781591467 -19.1835512014918 0.0059985330163152455 0.9992098333466986 0.039274204582452475 5.515448277047361 0.13735964385251023 -0.039725368545315456 0.9897242178147697 16.920363863415183
0.9906164282339336 0.004523299447469132 -0.13659872744181478 -19.063588489390884 0.0008981649555513038 0.9992145160036745 0.03960558433749709 5.562943246733401 0.13667192751344273 -0.03935606357008668 0.9898343107407941 16.9666284081215
0.9907790957318438 0.020377842344189757 -0.13394958606753163 -18.707520476695752 -0.015056948180541003 0.9990609582420426 0.04062235409504144 5.709244832519386 0.13465282717063123 -0.03823022965282968 0.9901553163395873 17.115387215796428
0.9907758338323962 0.02567427348012134 -0.1330606168074638 -18.591661204726087 -0.020387120045546558 0.998952940284932 0.04095037670059395 5.742543059252932 0.13397403849051928 -0.037859378542613134 0.9902615907143503 17.179459539089365
0.9906175123900586 0.039935007341452354 -0.13070047728128373 -18.27246867151002 -0.034725083469764335 0.998517295904595 0.04190445164831805 5.894720068614862 0.13218144725184997 -0.03697200484115815 0.9905355950855854 17.31489580942171
0.9904186632973102 0.04894522828909531 -0.12913243503723504 -18.067659954252655 -0.04378067619396904 0.9981342902781322 0.042538285832950155 5.972953153877373 0.1309748806713923 -0.03647649725113004 0.9907140766913565 17.437807359229183
0.9901522129705298 0.05758363633831321 -0.1276065219804237 -17.864592053576036 -0.05245855155414887 0.9976888589121575 0.04316988157255707 6.080331847352713 0.12979872398318495 -0.036050027042736306 0.9908846016364563 17.55906813160864
0.9894742065360574 0.07221279134393005 -0.12540595492194512 -17.578647543662598 -0.06716213171751521 0.9967682017181382 0.04405123733526808 6.21977951078469 0.12818294822984003 -0.03516432664139894 0.991126599645034 17.73805775834596
0.9891837223197278 0.07723827328017836 -0.12469994879592575 -17.482398465836425 -0.07221130576041178 0.9964019207693228 0.04434849690906276 6.254590435770779 0.12767789265525425 -0.03486329557320186 0.9912020795114264 17.804634303921734
0.9888823199891448 0.08208759439949548 -0.12399106283563464 -17.3889775274463 -0.07708267294426735 0.9960236731936729 0.04464579135322136 6.298468123127149 0.12716408692570746 -0.03459115688747344 0.9912777934945373 17.864144769893777
0.9878009665591322 0.09691150552278413 -0.1218927942727806 -17.115515754083347 -0.09197969935530978 0.9947214326932294 0.045470518375923925 6.406929661665274 0.12565720800942345 -0.03370346135834898 0.9915007837120747 18.05286933233902
0.986934674603546 0.1068549716948442 -0.12059287427631271 -16.941715164162243 -0.10197849803443211 0.9937252847953391 0.0459298488814915 6.490503370576639 0.12474503639587307 -0.03303113840218804 0.991638814668456 18.161991835381276
0.9858936505309378 0.11736518000761877 -0.11932906214067304 -16.77542787515849 -0.11254853342507239 0.9925637407648458 0.04636364449396302 6.556161932894686 0.12388414373249447 -0.03227865618741904 0.9917719736421483 18.27661388212432
0.984773667494288 0.1275487968154882 -0.1181209357409977 -16.619603239118824 -0.12278958674022639 0.9913299659859507 0.04676156443403172 6.602285531470509 0.12306215507225977 -0.03154476854895964 0.9918974754362765 18.39914099475683
0.9836745518201945 0.13663243545343245 -0.11711597639337398 -16.485113782140875 -0.13192045339602657 0.9901388989560248 0.047121084100491255 6.671330095863847 0.12240030166784435 -0.030900933639254967 0.9919992578953348 18.49118529433915
0.9826645667261933 0.1444977000229158 -0.116153169534235 -16.360430676597854 -0.13982951495401977 0.9890386927417522 0.04742415501595454 6.7031484028742785 0.12173369672582403 -0.030359659780988316 0.9920980168666522 18.583116833042972
0.9817989685779056 0.15083634208370547 -0.11540948148143504 -16.259347020180915 -0.146203951988107 0.9881051407188659 0.04765168534223731 6.752310046623777 0.12122533031823188 -0.029910387972134432 0.9921737763134093 18.6441250085973
0.9809617118115517 0.1566390631617221 -0.11479826740241557 -16.17851840648984 -0.1520438700962156 0.9872162638549264 0.047800971298090834 6.77563766011946 0.12081927456113323 -0.029435898682599576 0.9922374043162874 18.700745872535634
0.9803518322847562 0.1607436159249913 -0.11433236035429255 -16.11735172947847 -0.156179261311756 0.9865667984560396 0.04787689254085568 6.788353204171922 0.12049337466002517 -0.02907904639272368 0.9922875292987962 18.748204963101305
0.9796870811860954 0.1651548985759349 -0.1137439813322853 -16.044930980285326 -0.16063353271728872 0.9858508542117835 0.04789455979854729 6.77989177705618 0.12004559473500952 -0.028649829567576324 0.9923547261613578 18.833172482389475
0.9801498949699096 0.16314853010565278 -0.11264595300255634 -15.91725350677559 -0.1587649239980063 0.9862008461904326 0.04690921670086302 6.652513806522027 0.11874571865439183 -0.028093091868301227 0.992526908422103 19.096079053143217
0.9801885868846897 0.16286956615976994 -0.11271224507580514 -15.960283526362103 -0.158560399305901 0.9862644730944865 0.04625830463137369 6.574746992369646 0.11869901430829462 -0.027469271195087772 0.992550064619833 19.394855913982703
0.9802541473531353 0.1624291171644431 -0.11277794476486952 -16.00728950082551 -0.1581887087677878 0.9863526643662898 0.04564043412952858 6.502853331019362 0.1186532560884298 -0.02689835463164027 0.9925707327527286 19.72913411991112
0.9802929346037805 0.16216520011410604 -0.11282186973892319 -16.048759338261128 -0.157975080630859 0.9864075446797793 0.045198117102539404 6.462338500529986 0.11861891865640431 -0.02648354583617877 0.9925862478339722 20.00445675643355
0.9804201737790054 0.1613738187783816 -0.11284993223774198 -16.08667642764224 -0.15723700099452292 0.9865479852902571 0.04470786628440792 6.398705096263737 0.11854745788328833 -0.02608751036285856 0.9926057258745696 20.340249112412906
0.980551710329508 0.16053685084174962 -0.11290030325552035 -16.133822166148473 -0.15645749713248427 0.9866958829255569 0.04416929231344304 6.353381862865844 0.11849002609787467 -0.02564538672781781 0.9926236415151476 20.710855167025663
0.9808108488066078 0.15890678726042778 -0.11295460117520033 -16.189928001020693 -0.15488455822487057 0.9869694490001734 0.04359217449454377 6.289987831313089 0.11841074377389614 -0.025259916363618625 0.9926427935167124 21.137261505501353
0.9809042819774711 0.15822324504865606 -0.11310728633824088 -16.26470505496482 -0.15426131815138566 0.9870929230279386 0.04301856406803071 6.228520428374892 0.1184550221289133 -0.024748608543991735 0.9926510244280176 21.601057303699065
0.9811253255742759 0.1566358463290506 -0.1133962415608812 -16.363065360844118 -0.1527226499208695 0.987355807778403 0.04247109550379489 6.171707363978092 0.11861572254946542 -0.024350453885513157 0.9926418336722997 22.095331643041526
0.9812739256518621 0.15535666021843592 -0.11386873966772704 -16.492238949721028 -0.15148052508321092 0.9875672703782322 0.04199302107078179 6.125773156028358 0.11897794361730568 -0.023957027126168085 0.9926077433019491 22.620526535308144
0.9815578910862438 0.15306495819100477 -0.11452227263966973 -16.653787702805445 -0.14920777611971392 0.9879305911609805 0.04158061014741543 6.075423974593883 0.11950557967887286 -0.023725424929932303 0.9925497120776543 23.172987633833362
0.9817600795679731 0.15105758935573146 -0.11545211074871374 -16.856516450480743 -0.14721825545525447 0.9882474599456623 0.04114077247623122 6.059514423966626 0.12031085151680808 -0.02339287161065859 0.9924603151010309 23.719953459032784
0.982012874099511 0.1485441426731853 -0.11655728797361199 -17.085476820553883 -0.14471873318106912 0.9886358919040606 0.04067441395519255 6.015744981857346 0.12127562975494861 -0.023073990749199552 0.9923504792186446 24.277783601304762
0.9822407142623724 0.14589927500587735 -0.11796996012216908 -17.361158208776324 -0.1420768255857134 0.9890371218817445 0.04023886222187396 5.976002287136327 0.12254838442981011 -0.02276260610250861 0.9922017263494225 24.83075084632829
0.9824622097441704 0.1429530241251885 -0.1197198354018025 -17.68269887316359 -0.1391146949261503 0.9894723580004682 0.039869465338975923 5.935522155042949 0.12416015678462257 -0.02251473154142007 0.992006326254555 25.365608092464264
0.982573982328475 0.14037313228450962 -0.12183663104685119 -18.061349215799854 -0.13650794073130415 0.9898481443603022 0.03955500326724062 5.911054199952138 0.12615332596730405 -0.02223316689519823 0.9917612457821366 25.864633159788067
0.9825451247489856 0.13844562300544766 -0.12425061525238276 -18.484284765722304 -0.1345386435555392 0.9901260979688147 0.03934555888588898 5.901236329705057 0.12847209489402586 -0.021941478544503876 0.9914699352694782 26.339228602440425
0.9823346858866432 0.13746740135602017 -0.1269716462167015 -18.9518660632132 -0.13350740531230926 0.9902703707748165 0.03923381325147069 5.904718912917593 0.13113070841230173 -0.02158816967752402 0.9911300341621078 26.777708337539018
