0.9999999999999998 8.213749373425358e-19 -4.336351710807593e-19 2.0974796614911398e-36 4.883649326098015e-19 1.0000000000000002 4.229621531958464e-20 3.469446951953615e-18 -1.5811882339271e-19 1.0367050411513671e-20 0.9999999999999998 1.7347234759768067e-18
0.9999930059018627 0.0036240742270149512 0.0010268543829995607 0.11242399974023431 -0.003624137634441745 0.9999933621703587 -7.386602823967008e-05 -0.008133477762967934 -0.0010272553298437171 6.979158194072813e-05 0.9999994612886658 0.13429486079992667
0.999966656092011 0.007771408026275756 0.0025424028789309406 0.2782331865471287 -0.007772519543528115 0.9999694293530411 0.00027615973223106126 0.030036472885867627 -0.002540217219672785 -0.0002959748783250766 0.9999962110176516 0.20670461487089675
0.9999340693281739 0.010397952840359324 0.004917131118539151 0.5378856754042367 -0.010402456307619733 0.9999453123679681 0.000787871622888119 0.0860468816896642 -0.004908840623510678 -0.000839232557571428 0.9999871325514404 0.21684018762615495
0.9998825276835105 0.013528087193077782 0.007236160073781909 0.7914764683205137 -0.013535437012194703 0.9999081275548853 0.0009617690913907636 0.10511293966054314 -0.007222565307073629 -0.0010597797172581286 0.999973453768873 0.21436273315483695
0.9997978155292241 0.01757805690472808 0.009766182436239378 1.0679243501988076 -0.017589613575129337 0.9998442329670183 0.001037695882530542 0.1132161152759065 -0.00974658610431557 -0.0012095255993494816 0.9999513074605857 0.21093121466199052
0.999715123815436 0.020916061109372826 0.011480373671998459 1.2554336913770185 -0.020929872949287966 0.9997802703596056 0.0010827839744493352 0.1183656249970308 -0.011455209523897175 -0.001322760359420174 0.9999333880672067 0.20913366659024746
0.9995978579912552 0.02476680331161991 0.013801264948789749 1.509100324713952 -0.024785198213545828 0.9996916616293963 0.0011366144001961106 0.1240560479514486 -0.013768939934945766 -0.001478317221413185 0.999903534972482 0.2064150608179431
0.9995135096872992 0.026968131258865446 0.01567152678360004 1.713590590642795 -0.026989297061750493 0.9996349089505554 0.0011197423797361795 0.12235418703836404 -0.015635658915624875 -0.0015422040697095408 0.9998763042820391 0.20358835472431924
0.9994258054949828 0.02914458379847125 0.017289141774281154 1.890457444617354 -0.029166367576149165 0.9995744509612813 0.001017710782437445 0.11127824979052696 -0.0172521851865585 -0.0015215104861594911 0.9998502914377345 0.20084038270859278
0.9992752323373943 0.033237815696461614 0.01854487854518729 2.0292070901119237 -0.03326269463891192 0.999445486603269 0.0010126975182984815 0.11063014131430852 -0.018501066611365274 -0.001628925130715583 0.9998269203277815 0.2731456098004776
0.9991317399773024 0.03712038601890441 0.018913567365591855 2.0707930371805574 -0.03714914811162131 0.9993085618631229 0.0011485784460662119 0.12545118726564156 -0.018857999686006086 -0.0018503151872115682 0.9998197460354814 0.33304649245178664
0.9989804226212136 0.04062005415340118 0.019710538168826848 2.159083995580418 -0.040657073000026425 0.9991720100457626 0.0014640520082560343 0.16013837133708675 -0.019634878023588716 -0.0022640746473530458 0.9998044050200039 0.3789492544841957
0.9988295558070732 0.04358210331684325 0.020977898145639953 2.2981005448192615 -0.04362527891851925 0.9990465966815905 0.0016025022754558918 0.17542694158170113 -0.020888165926781943 -0.0025158269762199964 0.9997786036038372 0.38585146605211273
0.9986406594342065 0.04649685042297598 0.023557884720427486 2.5805411019969484 -0.04654161477843579 0.9989150053976529 0.0013364585224309577 0.1461048640319469 -0.02347032120559344 -0.00243112125573438 0.9997208445865222 0.3781199735495872
0.9984235823602837 0.049902435616979456 0.02568766062226232 2.813500945132203 -0.04994824869064373 0.9987506446654252 0.0011313893744657546 0.12372782420957823 -0.025599180251870468 -0.0024126045390015106 0.999668800032178 0.3612695765218071
0.9982344427312787 0.05228536158573781 0.02817855737976833 3.0853853404555087 -0.05233206207399629 0.9986293104744102 0.0009241496708505441 0.1011357776218963 -0.028091700066097704 -0.002397177791374239 0.9996023794647634 0.3233063049827448
0.9980730443871771 0.0538205577451212 0.03087878022874152 3.3796774513760197 -0.05387223833349777 0.9985469945142896 0.0008268123470290596 0.09033961936478394 -0.03078960718089268 -0.002488851642233745 0.9995221208527332 0.27681940887539636
0.9977988223942514 0.05708028673984447 0.03375982653499492 3.6933345166687825 -0.057139588004320625 0.9983662227884565 0.0007924785982328872 0.08665038117125826 -0.033659559672753546 -0.002719836934292887 0.9994297527971111 0.21984627438048412
0.9975681375161166 0.059886022850346776 0.035663920257793295 3.900221600569004 -0.059950775020630724 0.9982008719486317 0.0007388025121130679 0.08058878216009364 -0.035555692049986515 -0.0028752164732515875 0.999363111171304 0.17615339740652447
0.997344765188107 0.06239927891543305 0.0375455786353477 4.104518953456903 -0.062467281481388436 0.9980464369071849 0.0006298514933726454 0.06868922083753519 -0.03743313280991448 -0.0029736107601500915 0.9992941932920332 0.13142026206438281
0.9970680943770712 0.0656021366492616 0.039393881482606426 4.305012632891863 -0.0656719961698427 0.9978413543898205 0.0004783340975149838 0.052260353618263866 -0.03927762350687118 -0.003064151777555983 0.9992237046872725 0.08519258119560308
0.9967631616675974 0.06899099101919876 0.04127212203528326 4.508495756264838 -0.06906118995428145 0.9976122624008853 0.00027326413469114404 0.02979195726685428 -0.041154880569794605 -0.0031228847278981474 0.9991478107415379 0.03631088308832989
0.9964029383207751 0.07295745295447424 0.043108849655997615 4.707095234070927 -0.07302726205339136 0.9973296694507295 3.7941429826688187e-05 0.004028441662155747 -0.04299112206791719 -0.0031859232628429416 0.9990697873535074 -0.016433038683655313
0.9960435507941247 0.07666723313696254 0.0449361673479128 4.9042232203232725 -0.07673583970491822 0.9970509738223878 -0.00020670793574626434 -0.02263262792604463 -0.0448197893563377 -0.003242506260748024 0.9989892497417832 -0.07616986543306714
0.9956346042346357 0.08079131811830716 0.046733542233604194 5.097312534322199 -0.08085865328293172 0.9967248823370137 -0.0004578090254106047 -0.05000132918311672 -0.04661769685874864 -0.003322995731445653 0.9989067666371091 -0.14888972712024484
0.9952466353239076 0.0844144175449718 0.04856220424119721 5.293381200982662 -0.08447845256760629 0.9964245918024991 -0.0007448646165614162 -0.08116570229395267 -0.04845161526463981 -0.003360959750403553 0.9988193007388735 -0.22558941052961923
0.9948434483945873 0.08780107013514156 0.050765945932440285 5.528533893214424 -0.08785865862191913 0.9961322533776534 -0.001100894137212042 -0.11981422581336218 -0.050666475369809845 -0.0033650981501959637 0.9987099610878895 -0.33431028514470107
0.9945186559539696 0.08993161787762974 0.053335398333349264 5.802716028643533 -0.08997765501212872 0.9959424665925672 -0.0015439095035913732 -0.16777310261325515 -0.053258005860230016 -0.0032635526594110916 0.998575359658479 -0.4518159162956852
0.9941629338373568 0.09242492532563808 0.055654712325618055 6.0498574487376295 -0.09246108098940228 0.9957139219673871 -0.001936144145380453 -0.21036469401759597 -0.05559536021511603 -0.003221042816637193 0.9984476434591301 -0.5557713029749701
0.9938970789478382 0.09386228407041584 0.05795477699030379 6.295665437287081 -0.0938880039742794 0.9955798848810118 -0.0022907909526529314 -0.24877056396396716 -0.057913917015757654 -0.0031645251205753306 0.9983158645013198 -0.6404022352964515
0.9937644329646205 0.09382902090750118 0.06023644183063744 6.542628967611002 -0.09383144613095891 0.9955834468450561 -0.0028037540648795955 -0.30451621427220177 -0.06023373998871477 -0.0028658696910160266 0.9981794892080457 -0.6702744374385319
0.9934432924539115 0.09598647147583722 0.06210626977036419 6.749073678146756 -0.09596741853835358 0.9953786788454508 -0.003302198770124903 -0.3589090425369788 -0.06213650350104993 -0.002679754760899894 0.9980634389575802 -0.6307668563918801
0.9933226270960431 0.09611427345169342 0.06380968528417173 6.943262809044626 -0.09607007505983796 0.995366840375195 -0.00377291760596039 -0.4038088762505402 -0.06387696237158486 -0.002382466904270207 0.9979543063522158 -0.4581967927020748
0.9930168922708422 0.09883819411519516 0.06440947154184001 7.02176047146006 -0.09878799035079185 0.9951002029569167 -0.003976349025892373 -0.4334445935503335 -0.06448717300358499 -0.0024144578057913348 0.9979152770562921 -0.31014833992077007
0.9925145632854457 0.10337587733815515 0.06502322233664688 7.102051073897825 -0.10332596821748202 0.9946382368401844 -0.004144798232436354 -0.45284963666407085 -0.06510336147670982 -0.0026047925745089164 0.997874456906778 -0.11431138180132011
0.991998879339751 0.10783993314940947 0.06564432316113822 7.186826809326106 -0.10779117467013359 0.9941638387603415 -0.004302297360624669 -0.4712816279343362 -0.06572553314931488 -0.0028083408872523257 0.9978331488810281 0.1322469795817685
0.9913603904384926 0.11316704312774553 0.06631623284221279 7.280076666032419 -0.11312245486745671 0.9935707754500196 -0.004445107679956739 -0.4881909553258384 -0.06639316511861809 -0.003095114554203426 0.9977881332524023 0.4154035322631639
0.9906984582183596 0.11838436098553848 0.06709466529852944 7.386761398184375 -0.1183488141345024 0.9929612859417517 -0.004524269455174731 -0.49845236297203355 -0.06715829186667371 -0.003458288118651955 0.9977357162502933 0.7175849629239646
0.9903080346710942 0.12135435820860695 0.06755041594823301 7.446672824574698 -0.12133004828964375 0.9926016491273265 -0.004483426509791335 -0.4945872321081417 -0.06759501237822611 -0.0037559308584197296 0.9977050890648222 0.8539182261037562
0.9896388194183322 0.12608437124245442 0.06868710756723395 7.589280379768661 -0.12609858288136377 0.992009428209216 -0.004145783930344102 -0.45837460575622985 -0.06866110628026394 -0.004558505207809489 0.9976297476954785 1.0902494834198766
0.9890134610991214 0.13016125632988274 0.0700721390772224 7.75608094501322 -0.13022924772103353 0.99147674167955 -0.003621354794436978 -0.4014154835635019 -0.06994652468385076 -0.005543871945199251 0.9975347112181222 1.2725388261745663
0.9886256811419059 0.13266181860401663 0.07085129166154054 7.847395241664898 -0.13276301342433044 0.9911423746310288 -0.003300071788659044 -0.36594820221322166 -0.07066171591441232 -0.006144025668971327 0.9974814842158807 1.3359063058294567
0.9879901338664573 0.1364290997389755 0.07254305630212457 8.039813405477297 -0.13659627641906344 0.9906225892161636 -0.0026802201852175935 -0.29773736864149075 -0.07222875281125943 -0.0072609606551446585 0.9973610515365976 1.3920372718622607
0.9872666463928788 0.14063481620624319 0.0743409703604875 8.239490364965674 -0.14085924305744274 0.990027024176328 -0.002243855823830819 -0.2493061117657846 -0.07391534426626466 -0.008256432721823434 0.9972304039723666 1.3833167571964358
0.9864772510054068 0.1451373431224221 0.0761420890160172 8.435976417489146 -0.14541599607588315 0.9893684847006742 -0.001904703144342822 -0.2116879014300425 -0.07560930990256949 -0.009193209616610762 0.9970948216039087 1.3296523583842716
0.985850615483949 0.14886108559395633 0.07706496903135841 8.533666555154902 -0.14917131350906032 0.9888098579287282 -0.0017490418466737853 -0.1942569181666643 -0.07646326342000799 -0.009771730902488798 0.9970245635336236 1.2640876246671082
0.9853581802255916 0.1516397659191543 0.07794317476226807 8.625239704555085 -0.15197781798924642 0.9883826988826808 -0.0016134941335588864 -0.17911706352591186 -0.07728259855537431 -0.01025580423797683 0.9969563594160229 1.1861897957909395
0.9842703149965859 0.15769867747887675 0.07964385993439296 8.800507802847516 -0.1580902742513092 0.9874234165361423 -0.0014072227571323332 -0.15616008082343916 -0.07886445986856445 -0.01120589514331399 0.9968218685981356 1.014037149806451
0.9837019835701176 0.16080676827486304 0.08044726021236738 8.882392877503385 -0.1612229087017592 0.9869167979798656 -0.001341674439819741 -0.1486481133481185 -0.07961077928677229 -0.011650377658305499 0.9967575811052921 0.9235599054485273
0.9830435224569518 0.16441533194772326 0.08119398461094844 8.958767323809152 -0.16485782517008696 0.9863159646412076 -0.0012729034337561436 -0.1409885295990567 -0.08029249178108934 -0.012134050495094554 0.9966972100800487 0.8442485248480401
0.9823641387643404 0.16808807590399924 0.0818964236936973 9.029995414492463 -0.16855645275504158 0.9856914253226784 -0.0012101064357227353 -0.1337248471707252 -0.08092824183187007 -0.012615390007367295 0.9966403557820344 0.7628546233613298
0.98178414823269 0.17112231905158828 0.08256290567746201 9.09790624422011 -0.17161509937595434 0.9851631678598842 -0.0011456894063271265 -0.12668386092721642 -0.08153425953888992 -0.013044247414422656 0.9965848669432059 0.6919096465132832
0.9807426917048853 0.17642073130321131 0.08378453689559073 9.222357796935999 -0.17696386481625856 0.9842166311981219 -0.000961970379487627 -0.1064745193674187 -0.08263221281953399 -0.013883606927962623 0.9964828192709807 0.562575390950964
0.9799219921036297 0.1806367484675684 0.08439946890694013 9.284401299708986 -0.18121382671483338 0.9834428704942837 -0.0008411296023012035 -0.09304611503746645 -0.08315436874709674 -0.014470226088908163 0.9964310670399553 0.4922681400745607
0.9792165376118122 0.18414806324444233 0.08499824824818929 9.345414969185676 -0.18475803090808646 0.9827836801574757 -0.0007045545445259861 -0.07789062491090659 -0.08366493246648525 -0.015014392449342644 0.9963805163170435 0.43032348784531294
0.9784825169872218 0.1877481301719218 0.08557116244730642 9.403019451238345 -0.18839168039452803 0.9820940122273594 -0.0005641086791174277 -0.0622009319974306 -0.08414509479797269 -0.015568917114103797 0.9963321161047034 0.3633709777861911
0.9777182979442358 0.1914388710308319 0.08612686890433076 9.458667778280693 -0.1921179348753132 0.9813714960242937 -0.0004143792136482761 -0.045806649877153854 -0.08460210525384 -0.016141388232640864 0.9962839117018654 0.29742718445159766
0.9767586097150037 0.19602428306721706 0.08670154280267771 9.516569765105384 -0.1967434541173665 0.9804544844923154 -0.00025935361235002657 -0.02881957831062242 -0.08505811744806088 -0.016804733037216284 0.9962337457987562 0.23339371606931167
0.9755716071212086 0.20160547573382132 0.08726418737626547 9.572754945834536 -0.20236914996806898 0.9793088695157977 -0.00010060796995549943 -0.01136894545585637 -0.08547928480260389 -0.017561450481546066 0.9961846314081532 0.16580615249904024
0.9746133268616741 0.2059668988873113 0.08779056378775686 9.625454489945316 -0.2067699764744579 0.9783894172205181 5.031884986102405e-05 0.00523302804161323 -0.0858833509437021 -0.018201778105046303 0.9961384835426842 0.10443333641273934
0.9735230314645514 0.210843190201822 0.08830394829186973 9.676094892094014 -0.21168647734234228 0.9773372073174261 0.00018678747438252024 0.020213005030224624 -0.08626364820703412 -0.018874545858942795 0.9960931451761419 0.03736395185198225
0.9722548544443627 0.21640914050210783 0.08881161167926878 9.72599014046039 -0.21729394388839635 0.976106448202114 0.0003019116354911736 0.03307005174231685 -0.08662451027391409 -0.01959195397070725 0.9960486393506782 -0.03136773662720757
0.9704998785320198 0.2238659207578945 0.08952192919798692 9.793813571249103 -0.22480806961762217 0.9744027893525024 0.00045004219537327127 0.049085614481658206 -0.08712995598280351 -0.02056199207364729 0.995984403310746 -0.14645425726488476
0.9691547382763072 0.22946364662776778 0.0899196140882993 9.83035182383818 -0.23044454332069184 0.9730849402834678 0.0005381630446901014 0.05875384750688301 -0.08737633338257958 -0.021243127743826647 0.9959482423696299 -0.22572442056015823
0.9681632166863504 0.23347393115874646 0.09027902768726004 9.86262810489834 -0.23448442439678033 0.9721195503700836 0.0006006328160453377 0.06555142885340294 -0.08762219221880886 -0.021750817720700765 0.9959157634485908 -0.3056099834150515
0.9671105661961567 0.237678594978928 0.09058836755011644 9.889279841216053 -0.23871703500455144 0.9710887520224146 0.0006440316439215262 0.07031530775785497 -0.08781667241629457 -0.022248038536830838 0.9958876135268173 -0.38545085093149395
0.9658133795555087 0.24279833392144354 0.09084696536268635 9.910139510774032 -0.24386604085806055 0.9698080361424303 0.000669597448465458 0.07314849825848457 -0.087941921202031 -0.02280112310331446 0.9958639277107937 -0.467578185380574
0.9644458306170594 0.24810242877204333 0.09104523161401253 9.923803160572897 -0.2491975590237433 0.9684520387454514 0.0006796863167735248 0.0742177316012258 -0.08800462483904369 -0.023343879070962793 0.9958458881233638 -0.5551387337573305
0.9633624067398657 0.252224487147206 0.09118984534336545 9.930357870997238 -0.2533402446079333 0.9673763547540031 0.0006781394775641023 0.07393081362242887 -0.08804428195498183 -0.023755498594697482 0.9958325217943581 -0.6549129099020052
0.9623238019986623 0.2561324094862906 0.0912654056170453 9.930065140559277 -0.2572658778162248 0.9663399975530228 0.0006737978606297931 0.07351754920191324 -0.08802120422507091 -0.02412804439834352 0.9958257834416501 -0.746836064859194
0.9610942133106526 0.26069445840541244 0.09130545412722316 9.926636860846607 -0.26184789382070633 0.9651087716445701 0.0006744173630468346 0.07360708238595257 -0.08794427593883603 -0.024556636828395425 0.995822185352994 -0.8308465486013128
0.9598108137381804 0.26537404008326826 0.09132370860923798 9.920590065955187 -0.26654798732389434 0.9638210541021021 0.0006790337323635433 0.07409499360566672 -0.08783987960235012 -0.024994160447284464 0.9958205160575724 -0.9169367037484659
0.9586999549841267 0.2693581056584309 0.09132864971509234 9.914035233342545 -0.27054933843287904 0.9627057336650754 0.0006856748093655276 0.07483207545192078 -0.08773829461405305 -0.025366501627844203 0.9958201206449163 -0.9929541750475442
0.9568846892061873 0.27573538469834635 0.09133315401851852 9.907784612174684 -0.2769543945656545 0.9608825463068686 0.0006969818758469379 0.07614103037502767 -0.08756860518904337 -0.02596230092707995 0.995819699651329 -1.0652510383798064
0.9550335401565145 0.2820784312895266 0.09133820539014148 9.901809094244532 -0.2833252365901969 0.959023105667413 0.0007097904665460232 0.07750665563466912 -0.08739561181708337 -0.026556524289773085 0.9958191195687305 -1.135101785305881
0.953041162129432 0.28873719565298306 0.09134355556753507 9.896920648473044 -0.2900131559434809 0.9570220716671286 0.0007229787076713172 0.07882227832722552 -0.08720939640162223 -0.02718012318706292 0.9958185632222254 -1.1934840353988476
0.9510053398221757 0.295370642105487 0.09135176162119343 9.893514202262423 -0.29667546814525647 0.9549776009200365 0.0007340020733628276 0.08014964933443457 -0.08702250524829479 -0.027800109318131108 0.9958178236879892 -1.2397138868624495
0.9490462099198758 0.3015950198611592 0.09139084020246023 9.894146408807002 -0.3029271531921982 0.9530132229606959 0.000736583067844545 0.08036180795446805 -0.08687495448684451 -0.02838417707558703 0.9958142363306711 -1.2780836912278335
0.9465690298649643 0.30925374698906033 0.0914846348559905 9.901321349155914 -0.3106198216024079 0.9505336787661218 0.0007272423690509146 0.07941400141286155 -0.08673471045671681 -0.0291056888726163 0.9958056437197003 -1.3117510020092265
0.9439318963659479 0.31716350861789466 0.09164959322291026 9.917237380608858 -0.31856436777699615 0.9479007131443794 0.000689993036190491 0.07535199512463227 -0.08665622861703294 -0.029847747382135168 0.9957904463883561 -1.334142326579985
0.9406248115470622 0.32678000891977205 0.09186566498618037 9.939543579340846 -0.3282229017547948 0.9445993724023108 0.0006292915850500607 0.06871076006769027 -0.08657101683367095 -0.030744607019284057 0.9957703800099533 -1.3472353433505335
0.9371126228427499 0.3366525970667392 0.09211237095742719 9.965904721663387 -0.3381372467720048 0.9410960262964485 0.000539636607014031 0.059053386882453776 -0.08650531509676289 -0.03165237839747738 0.9957477146121523 -1.3533330711886187
0.9338853302619607 0.3454389658130462 0.09235837578533432 9.992624384457224 -0.346957816843772 0.9378804944773117 0.00041107954701931793 0.04530634310191057 -0.0864795063455904 -0.03242842154019608 0.9957252034269908 -1.3552574135313964
0.930953729168865 0.353200962712527 0.09259412274315047 10.018387031138468 -0.3547433848009217 0.9349631098029141 0.00020958407495982404 0.023363818771063635 -0.08649850077269876 -0.03304243859507663 0.9957032443177635 -1.354859347448812
0.9279317932154331 0.36100898965729455 0.09281579382535367 10.043044400809682 -0.362574310602945 0.9319545558589792 -1.1006502139015364e-06 0.0007244267891616323 -0.08650086625874136 -0.03365168177209078 0.9956827832442545 -1.3504321049827348
0.9246064062318528 0.3693935800776614 0.09300994164416379 10.066029825475335 -0.37098588525023735 0.9286383619068703 -0.00018643241721405328 -0.01940787504228405 -0.08644176607791948 -0.034333030218564195 0.9956648978000604 -1.33141825863982
0.9205596883964184 0.37931964523343625 0.09319889278502001 10.09003265410922 -0.3809487515729319 0.9245960563819746 -0.0003385932120646942 -0.035850693807432873 -0.08630008559824434 -0.035192354607551504 0.9956473398390657 -1.296256889092581
0.9171882002748238 0.387352313728359 0.09340311472050561 10.116340333254124 -0.38901418919656916 0.9212322433127171 -0.00045174313630461647 -0.048016944279596366 -0.08622117097161348 -0.03592091805175803 0.9956287749261618 -1.2547275362697157
0.9144195656421743 0.3937975327127587 0.09359698510923925 10.141090196295645 -0.3954867071086722 0.9184719276884645 -0.0005477960629667903 -0.058526821972512515 -0.08618224223535259 -0.03651559602682152 0.995609917070179 -1.2171840446889155
0.9117949355499607 0.39979184834564135 0.09378684056808247 10.165575139372681 -0.4015071272457702 0.9158558359479664 -0.0006342268114337997 -0.06801115245263217 -0.08614910102567777 -0.03707786515830186 0.9955921684144834 -1.1786318736186432
0.9088748762102532 0.4063463053146322 0.09396115440432548 10.188199548470932 -0.4080905138976554 0.9129410404943239 -0.0007158241789457687 -0.0768764343968896 -0.08607223616518186 -0.03769417402366847 0.9955752713895609 -1.1412767017098566
0.9062074543029001 0.4122234012035938 0.09412441601432815 10.209049622636782 -0.41399200118649276 0.9102800662598135 -0.0008104449988365922 -0.08719833180176871 -0.08601396244733583 -0.038232493978282635 0.9955598036629084 -1.1101446671439665
0.903724027608464 0.41760676539387565 0.09427230530683103 10.22858974362351 -0.419393393851142 0.9078039238159694 -0.0009500474942680978 -0.10244641110885556 -0.0859778768034482 -0.03867880897404031 0.9955458110989173 -1.0752926670757368
0.9012332688174268 0.42293166201666216 0.09437706811793843 10.243020798873435 -0.42473041363066016 0.9053187028230615 -0.0011357244086268228 -0.12269721377729496 -0.08592205290786507 -0.03906151077236558 0.9955354038788269 -1.0446212299601
0.8991134586116581 0.42739885085785906 0.09447110433455909 10.256281939779782 -0.429201506826255 0.9032070690713435 -0.0013696823443497777 -0.14821357418824951 -0.08591280205048255 -0.03931575311992024 0.9955259363566005 -1.013888734085667
0.8960074069435146 0.4338556317099348 0.09454727258784414 10.267614603967829 -0.4356648624968351 0.9001070348111266 -0.0016692166344491602 -0.18076156403131208 -0.0858272895002025 -0.03969540173918373 0.9955183643000052 -0.9834704821809368
0.8935582431866065 0.43886350034332594 0.09461472353469884 10.277544310478822 -0.4406645329172104 0.8976695824156681 -0.002062095696683683 -0.22344120824261957 -0.08583800203347883 -0.03985083986891525 0.9955117846979507 -0.9574287700924459
0.8909021051631114 0.4442192777781838 0.0946684575465629 10.286049949529339 -0.4460017397984019 0.8950279996786624 -0.0025900796590236797 -0.28085626255733953 -0.08588186481508504 -0.039914893454381276 0.9955049319758157 -0.9301319346627884
0.8884830646632321 0.44902866634837074 0.09471632776501211 10.294115141024566 -0.4507808181606783 0.8926285429979065 -0.003223181514404639 -0.34993994521770955 -0.08599417256595622 -0.039832861134482235 0.995498344320846 -0.9010847167625796
0.8858931269663655 0.45410988690011317 0.09475061330795678 10.300809560441257 -0.45582356477769703 0.890061648356117 -0.003957872416775722 -0.42975364966528895 -0.08613145476749472 -0.03968356617544026 0.9954931178655221 -0.8716921636121502
0.8829933325048201 0.45971449811917914 0.09478943320927755 10.307915803180265 -0.4613856356793236 0.8871864516625394 -0.004774030180133985 -0.5188503497329336 -0.08629092637509728 -0.03951916493404464 0.9954851976912181 -0.8420856601029855
0.8793572980953878 0.4666227948885959 0.09483400518243305 10.315449108035896 -0.4682522655063069 0.8835766724695969 -0.005654523387022105 -0.6146258312152267 -0.08643197377607367 -0.039433921036651234 0.9954768582522919 -0.8158931908165026
0.876809222484684 0.4713916365658919 0.0948459443509639 10.318759433557911 -0.4729596602798611 0.8810594337192255 -0.006630691982021856 -0.721055826339839 -0.08669088404368155 -0.03904474524216803 0.9954695345421437 -0.7954031971478918
0.8734973300537235 0.4775020201586887 0.09483594197972281 10.319515543297785 -0.47901200429592533 0.8777748019702595 -0.007633951637714255 -0.8303891034497863 -0.08689012020599055 -0.038759538967519304 0.9954630951213728 -0.777006155630605
0.8712278647635527 0.48163655090657176 0.09480415223767728 10.317832691130796 -0.48307396017931664 0.8755366299822755 -0.008682212416619683 -0.9445789785986729 -0.08718647712029264 -0.03823335964293183 0.9954578960806663 -0.7596956114462323
0.8690311474127496 0.485596013832917 0.09476892192780122 10.315236281706332 -0.4869623212186081 0.8733692493436241 -0.009701524246063855 -1.0557555038836393 -0.08747964240030538 -0.03771815253965771 0.9954517885018891 -0.7470691195098507
0.8670598737268653 0.48911360527806486 0.0947354052126189 10.31222466880833 -0.49041072016546344 0.871425672374793 -0.010673987377927087 -1.161826618263616 -0.08777603146086095 -0.03720461218470252 0.9954445180984763 -0.7409016398150653
0.8656523950645114 0.4916058317651042 0.09470546569448184 10.30949229354815 -0.492833521654398 0.8700467935545637 -0.011588582489023024 -1.2612288015258044 -0.08809543324722677 -0.036642616967915334 0.9954379916252186 -0.7368978463259984
0.8626009668894191 0.49694546176530907 0.09467947769498818 10.306968612702775 -0.49808306092325 0.8670334841430477 -0.012900941557204854 -1.4042105355457888 -0.08850171594722217 -0.03602996635159699 0.9954241372635091 -0.7350608712114045
0.859522144449807 0.5022595610740576 0.09464082867899058 10.302790140652204 -0.5032892014901836 0.8639982926175144 -0.0144053231462061 -1.5680537934311765 -0.08900505826371553 -0.03525023298245805 0.9954070768114506 -0.7361140217339688
0.857522263836856 0.5056776381326251 0.0945796719211229 10.29615267648115 -0.5066100347864236 0.862032728763209 -0.015665305042226563 -1.7052776077588814 -0.08945270547208393 -0.034481968059987225 0.9953934743559053 -0.7373949014138729
0.85568976411988 0.5087750029415384 0.09456559848081901 10.295097069648229 -0.5096373017285363 0.8602284722426731 -0.016620648087079925 -1.809428084582543 -0.08980455272590511 -0.03397221267107154 0.9953792925380998 -0.7337802641444493
0.8534997534744252 0.512435408163692 0.09459330730886684 10.299743176725254 -0.5132567177185571 0.8580608475070013 -0.01730018022491621 -1.8836466550658397 -0.0900324097399809 -0.03378508384750511 0.9953650567990647 -0.7186948796042238
0.8514445730763 0.51584116915442 0.09460291427665943 10.305105364992503 -0.5166051047849896 0.8560316136974412 -0.018139071406960326 -1.9758298816870363 -0.09034028014523712 -0.033428196820713206 0.9953493464285033 -0.6759530303562032
0.8488486063080207 0.5201025710061287 0.09460098725559503 10.309255212711266 -0.5208402845327462 0.85344950461702 -0.018681147026762976 -2.035857789498128 -0.09045363527559919 -0.033414861987640126 0.995339371487839 -0.6314408635540109
0.845863563742402 0.5249371475933586 0.09463486830057759 10.317692221487178 -0.5256553128914773 0.8504815698036337 -0.019196822245446266 -2.092824333229767 -0.09056260212941322 -0.03350771196720149 0.9953269677086973 -0.5841770866744228
0.8437833264473272 0.5282671270279011 0.09467311330722715 10.323942595117005 -0.5289832523183831 0.8484099705610437 -0.01943388490076818 -2.1191751703797244 -0.09058820435219417 -0.033682713908260546 0.9953187876965961 -0.5639275438501123
0.8421463845516513 0.5308653403933539 0.09471517147074505 10.330715684241675 -0.5315775832665963 0.8467814548692962 -0.019649244070726192 -2.1431422535158493 -0.09063453924014941 -0.03380099981747898 0.9953100520362406 -0.5416731553557962
0.8398951696425121 0.5344026665876391 0.09481087643004309 10.345580087023116 -0.5351020096422815 0.8445493449717238 -0.02004151189587103 -2.1870295521757632 -0.09078313791156126 -0.03390084114311261 0.9952929231565686 -0.4976783014821714
0.8365146763035742 0.5396557556653597 0.09494280494179197 10.364859595006727 -0.5403583855342188 0.8411877851376223 -0.020374740988616396 -2.224522266579636 -0.0908604542229729 -0.03425954303937307 0.9952734574805889 -0.4490651923867021
0.8343648910920461 0.5429618775256569 0.09501143639129168 10.37474305802004 -0.5436727247000929 0.8390467028753319 -0.020513541475561673 -2.2402202379709806 -0.09085746009628366 -0.03453962906039459 0.995264498670849 -0.4256954268388787
0.8324975835656336 0.545800658539431 0.09512613703338352 10.392070277454247 -0.546508452470628 0.8371963087318288 -0.020766132156895906 -2.268746320408913 -0.0909737410696545 -0.03469974701221637 0.9952485466703219 -0.3779505258020411
0.8308881325484709 0.5482416795099365 0.09516222069936363 10.398405518172718 -0.5489536487343789 0.8355922728800507 -0.020886290839444974 -2.2824252293113294 -0.09096775994618882 -0.03488578899118902 0.995242916311835 -0.3541536764523141
0.828236005186195 0.5522396646780859 0.09516451500319809 10.40293131985181 -0.5529527953478949 0.8329451555732306 -0.021121469428764764 -2.309095141518734 -0.09093117779204699 -0.03512833790281375 0.9952374917687135 -0.3104460701240544
0.8256195206586397 0.5561558935707671 0.09509383996685515 10.399330249891067 -0.5568634880543945 0.8303283180538088 -0.02139870324570133 -2.3404028832281054 -0.09086045110833887 -0.03528743653215689 0.9952380075121904 -0.26787580444261155
0.8236712097148533 0.5590605385525741 0.09496032604690248 10.38861644220747 -0.5597421387888573 0.8283798324888524 -0.021813636085492204 -2.3867875969404557 -0.09085868184548093 -0.03518643622771635 0.9952416193250259 -0.22693140754284113
0.8217941033461109 0.5618346971137362 0.09484857727436101 10.378455656940487 -0.5625043297781213 0.8264995410133757 -0.022075789398541948 -2.415977548557917 -0.09079552767557786 -0.03521144097458528 0.9952465661658294 -0.20515938904250422
0.8201270657627505 0.5642888142614276 0.09471003631393629 10.365435642204178 -0.5649399489011465 0.8248292552448446 -0.02237850518629688 -2.4494192995498856 -0.09074771552747375 -0.035152621358118114 0.995253632679339 -0.18268774546466246
0.8164439864230479 0.5696653687209465 0.09434116176670476 10.329410534437038 -0.5702714127126202 0.8211320486445877 -0.023068473014573456 -2.526205342153438 -0.09060833504482743 -0.03496601093308726 0.9952720818843782 -0.1348614085713675
0.8142143958387418 0.5728799108229843 0.09414412373633423 10.310111499029633 -0.5734610926698842 0.8188965490827362 -0.023467847486044354 -2.5704952535330476 -0.09053890176078574 -0.03488036154130656 0.995281585341167 -0.11047837868126928
0.8122992930591697 0.5756281653337656 0.09392471154662053 10.2881816265739 -0.5761776929105352 0.8169752577639086 -0.023904381611488695 -2.618837386986793 -0.09049446209092711 -0.034699955105157575 0.9952922156006003 -0.0873926746847531
0.8098922533250704 0.5790432954343863 0.09371490789959053 10.267559489283029 -0.5795644452511931 0.8145617935024768 -0.02435284009752504 -2.6686701946219773 -0.0904384010332947 -0.034590765611261454 0.9953005456238839 -0.06138221252134766
0.8072279522317961 0.5827881629017531 0.09349078734543541 10.245353366292159 -0.5832794146817688 0.8118917460465187 -0.02483405327349698 -2.722002901701913 -0.09037777910975084 -0.03448459480066822 0.9953100279720485 -0.03560880614654171
0.8046853748213654 0.5863297528399044 0.0932649688247841 10.222790535348032 -0.5867884678653337 0.8093441648632845 -0.025331410569533162 -2.7770518063264307 -0.09033636276426692 -0.03434306866245995 0.9953189232298352 -0.012203904210070744
0.8021679444205497 0.5898044424841097 0.09304187020869063 10.200243060728155 -0.590227765079054 0.8068222408527668 -0.02585818981984994 -2.835576782451018 -0.09031994846449325 -0.034173570536277814 0.9953256108382104 0.009431973003929256
0.7980475295787666 0.5954214708931033 0.09269716603546484 10.165011719621193 -0.5957889259746855 0.8026975060115952 -0.026703342804502143 -2.928789184792122 -0.09030781607709941 -0.033917556065073774 0.9953363588237649 0.037076919628182756
0.7919832399219415 0.6035422735967836 0.09218956757409122 10.112116559105372 -0.6038321493570452 0.7966238063531964 -0.02789016226455119 -3.0598036299659386 -0.09027354052515862 -0.03357864918148037 0.9953507486349965 0.06835567768101684
0.7902064657774375 0.6058871650912117 0.09205527409959102 10.098083440239783 -0.6061588262887911 0.794844289218284 -0.02819245073444465 -3.0931840535145523 -0.0902512477360487 -0.03352251159640613 0.9953547572354164 0.07598157033491106
0.7860793238839481 0.6112991094169786 0.09161286432304316 10.051286908989866 -0.6115056564587339 0.7907050225224203 -0.029098306161946377 -3.1933020698114256 -0.09022676468207816 -0.03314867395539044 0.9953690181579092 0.09674371965945743
0.7833729523955052 0.6148103656583216 0.09129424862138158 10.017297120597183 -0.6149724872142872 0.7879890388433286 -0.02969807607586382 -3.2593346371307717 -0.09019788948599919 -0.03287908272480301 0.995380596627992 0.10819573521776135
0.7802056290549757 0.6188758626942286 0.09094853340765349 9.980046433006448 -0.6189954789450904 0.7848095637984335 -0.030306280226970024 -3.3264004071853424 -0.0901335774792862 -0.03265170671820811 0.9953937635542832 0.11755618998460045
0.7780554659175423 0.6216319269559154 0.09056898285245593 9.938953123985778 -0.6217016190797142 0.7826447174308068 -0.03089966836710443 -3.391539531183703 -0.09009188960527803 -0.03226536299914571 0.9954105340335931 0.12470464278210568
0.7758410138457222 0.6244537991593554 0.09015183272888654 9.893286170561252 -0.6244748540495574 0.7804103960247896 -0.03147128067523548 -3.4545318371007476 -0.09000817069941754 -0.0318810369758094 0.9954300782026348 0.128495940458745
0.7734241022257567 0.6275092268558858 0.08970386722264094 9.844173037708426 -0.6274835083519064 0.7779712911299089 -0.03203029766822717 -3.5156754552984437 -0.08988655254810192 -0.03151499365425461 0.9954534090910461 0.13143962599735012
0.7711041289328073 0.6304226342614759 0.08925003749214314 9.794317488807053 -0.6303548432344601 0.7756254147185574 -0.03252563365277081 -3.5700993112898747 -0.08972978261385924 -0.031178821054135646 0.9954774677888815 0.13360238250490925
0.7679940167466518 0.6342730109364537 0.0887830302019231 9.743041375404374 -0.634174244809441 0.7724873939969431 -0.0329582417857199 -3.6175653465155437 -0.0894886557904929 -0.030992177046044726 0.9955051070055626 0.13621131611851
0.7655897399983276 0.6372383135992853 0.08831192874694749 9.691243814413726 -0.6371115258401591 0.7700526527540781 -0.033299058834678937 -3.6548401020424306 -0.08922454204728159 -0.03077130008570974 0.9955362459098821 0.13804261229492382
0.7635228984493213 0.639778695448212 0.08783829546776746 9.638941960627163 -0.6396290132276168 0.7679513268148979 -0.033556806550427316 -3.6830954700882166 -0.08892477246392362 -0.030562847253418277 0.9955691246115937 0.1386749600837338
0.7601943782147598 0.6438545148969113 0.0869220934349281 9.537676826345024 -0.6436698947855909 0.7645520712399428 -0.03389725875404809 -3.72033724742772 -0.08828176731591779 -0.03018087446083231 0.995637499191333 0.13859981071885694
0.7567188664083013 0.6480591516608611 0.08599506414911313 9.435354417786208 -0.6478631444329926 0.7609986694550391 -0.03397845865513664 -3.728929233055219 -0.08746257205819678 -0.030001085097526182 0.9957155811148952 0.13939187695617197
0.7537491161335234 0.6516419543179629 0.08499547209399178 9.32568075519238 -0.6514531829301807 0.7579364552291905 -0.03377886004685022 -3.7069486841512855 -0.08643327218150919 -0.029909906034250804 0.9958082041440964 0.14971645933162975
0.7515300848322629 0.6544232697547091 0.08326110666484497 9.13746726990088 -0.6542379781170795 0.7555549886835826 -0.033310926948819625 -3.6564795129034744 -0.08470804214365736 -0.02943860848850934 0.9959706118535921 0.1919418949252215
0.7494236821236064 0.6571027207310615 0.08111654569622889 8.910137606041726 -0.6569283407898151 0.7532481265783082 -0.03259568681016927 -3.5813125466756546 -0.08251981476616868 -0.028860256298162343 0.9961711686030428 0.3105836630334166
0.7479537365007921 0.6590873117212185 0.07853989203987598 8.636325559650176 -0.6589144095803975 0.7515455687465289 -0.0317923598612789 -3.496939860530389 -0.0799806382219791 -0.027972014981325767 0.996403313835676 0.4513247443575958
0.7462174650029683 0.6612627248455482 0.07674949260771692 8.444739068643495 -0.6610860832587783 0.7496549949580371 -0.031340059903857555 -3.4494173789558102 -0.0782599050286903 -0.027351894554348066 0.9965571730928265 0.5356350036585771
0.7448483462254164 0.6630069413414412 0.07498176329888993 8.254868473442093 -0.6628225625953462 0.7481378797277694 -0.03092141267330786 -3.405329642019673 -0.07659822700181201 -0.02666813007310853 0.9967048837419394 0.6121952639399952
0.7413553132853891 0.6671073619415275 0.07320675251986987 8.062578089486484 -0.6669160156386587 0.7445030057399825 -0.030625759687865066 -3.3741188919788465 -0.07493369620736685 -0.026118298148979747 0.9968458191823218 0.669584127572787
0.738520568071543 0.6704286084079148 0.07149880319278841 7.876158439490844 -0.6702058031683606 0.7415430809792718 -0.03064115057260551 -3.3764088006972295 -0.07356240339694563 -0.025289899224675786 0.9969700708864586 0.705488360747628
0.7340929081905365 0.6754391069078003 0.06992291027014012 7.703047075425757 -0.6751772275957744 0.7370075047065077 -0.030908736270373716 -3.406127393540157 -0.07241091602947004 -0.02452075783628717 0.9970729307891848 0.7235583030264813
0.7313955268982861 0.6784308263340699 0.06922175740289767 7.625784838130418 -0.6781491080870299 0.7342656100091857 -0.031109376592692896 -3.4283061461501037 -0.07193315284652263 -0.02418942637183387 0.9971154725493042 0.7284559338939668
0.7292982542185089 0.6807527763240986 0.06855183369367869 7.552021919688959 -0.6804471565722551 0.7321269788920931 -0.03134359896077891 -3.4539873926532234 -0.07152605375531859 -0.023787396073011547 0.9971551121830959 0.7324652514908672
0.7244671454532724 0.6860100763528514 0.06735780189464109 7.420118263149126 -0.6856531983750394 0.7272266395700883 -0.03194949063749652 -3.520665306670555 -0.07090240728195774 -0.023037941048564086 0.9972166705159061 0.7341973672725687
0.7215719504149418 0.6891051162424571 0.06683983794209929 7.362781725554954 -0.688719224422715 0.7243058203799045 -0.03235521052501185 -3.565210888213587 -0.07070881136378247 -0.02268755086501746 0.9972385823694365 0.7323133991375584
0.7178646057732853 0.6930129661937535 0.0663529948554368 7.308628760388002 -0.6925991548376921 0.720576574263084 -0.03280371503373403 -3.6142677795003464 -0.0705461357969732 -0.022407463464499927 0.9972567383903016 0.7266295290870973
0.71333253584349 0.6977390531320019 0.06569915893995262 7.235554294637377 -0.6972759146475054 0.7160175176330459 -0.03354617531450907 -3.6955375983472276 -0.07044844303808485 -0.021881070081843798 0.997275121459618 0.7130324577917406
