1.0 0.0 0.0 0.0 0.0 1.0 0.0 0.0 0.0 0.0 1.0 0.0
0.999990582 0.003902263 0.001907582 0.018904999999999998 -0.003901458 0.999992311 -0.000425676 -0.00907 -0.001909229 0.000418229 0.999998093 0.062532
0.999979496 0.006311454 0.001084213 0.228259 -0.006311386 0.999980092 -6.6026e-05 -0.040744999999999996 -0.001084608 5.9182e-05 0.999999404 0.106854
0.999941349 0.010547384 0.002457189 0.455923 -0.010547251 0.999944389 -6.7168e-05 -0.006296 -0.002457761 4.1248e-05 0.99999696 0.186467
0.99990052 0.013424133 0.004323022 0.636942 -0.013425349 0.999909818 0.000252286 0.025378 -0.004319246 -0.000310299 0.999990642 0.175886
0.999859869 0.015333298 0.006717694 0.8604539999999999 -0.015339763 0.999881923 0.000911876 0.000816 -0.006702919 -0.001014797 0.999976993 0.168801
0.999808788 0.017765079 0.008172241 1.063951 -0.017772619 0.99984169 0.000851052 0.003268 -0.008155828 -0.000996131 0.999966264 0.18478799999999998
0.999677181 0.022977306 0.010845218 1.3394679999999999 -0.022981992 0.999735832 0.00030773 0.036959000000000006 -0.010835283 -0.000556875 0.99994117 0.152979
0.999554455 0.026807325 0.013126376 1.582396 -0.026826408 0.999639273 0.001279776 -0.034454 -0.013087334 -0.001631339 0.999913037 0.15671700000000002
0.999446332 0.029386675 0.015602477 1.845248 -0.029396238 0.999567747 0.000383874 0.010263 -0.015584452 -0.000842316 0.999878228 0.162053
0.999319851 0.03193878 0.01843149 2.051126 -0.03193938 0.999489784 -0.000261942 0.014924 -0.018430453 -0.000326926 0.999830067 0.189506
0.999278069 0.033272278 0.018339807 2.103246 -0.033274822 0.999446213 -0.000166495 0.007776 -0.01833519 -0.000443879 0.999831796 0.215913
0.999085009 0.038399301 0.018832715 2.1581780000000004 -0.038400874 0.999262393 -0.000278259 0.040104 -0.018829508 -0.000445188 0.999822617 0.27677700000000005
0.998897374 0.042473979 0.019998657 2.2169849999999998 -0.042484112 0.999097168 8.1907e-05 0.07681600000000001 -0.019977121 -0.000931441 0.999800026 0.318249
0.998700559 0.046165381 0.021585133 2.417419 -0.046180084 0.998933136 0.000183042 0.075292 -0.021553654 -0.001179607 0.999767005 0.335806
0.998611748 0.047475029 0.022818143 2.631287 -0.047491141 0.998871624 0.000164482 0.026265 -0.022784587 -0.001247913 0.999739647 0.342468
0.99839735 0.050769959 0.025002293 2.811229 -0.050777633 0.998709917 -0.000328225 0.016293000000000002 -0.024986701 -0.000941858 0.999687314 0.313897
0.998213768 0.053400341 0.026790285 3.122226 -0.053431753 0.998571396 0.000457508 -0.114068 -0.026727581 -0.001888142 0.999640942 0.267716
0.998033106 0.055443913 0.02925556 3.415208 -0.055469468 0.998460352 6.2041e-05 -0.12383000000000001 -0.029207077 -0.001684709 0.999571979 0.215087
0.997841835 0.057412878 0.031866733 3.604953 -0.05743254 0.998349369 -0.000298733 -0.135182 -0.031831283 -0.001532099 0.999492109 0.187564
0.997728646 0.05891338 0.032658987 3.91375 -0.058918368 0.998262465 -0.000810223 -0.106554 -0.032649972 -0.001115831 0.99946624 0.160906
0.997531474 0.061152749 0.034514379 4.091912 -0.061184809 0.998126388 -0.00012733 -0.16843000000000002 -0.034457497 -0.00198474 0.999404252 0.120023
0.99727577 0.063939698 0.036779888 4.2994 -0.063965365 0.997951984 -0.00047956 -0.19270400000000001 -0.036735222 -0.001874385 0.999323189 0.093434
0.997038484 0.06635908 0.038868364 4.474962 -0.066374376 0.99779439 -0.000897846 -0.203405 -0.038842216 -0.001684676 0.999243855 0.042037
0.996748328 0.069475375 0.040815029 4.671774 -0.069498472 0.99758172 -0.000854285 -0.241282 -0.040775672 -0.001985075 0.99916631 0.002794
0.996402323 0.073547386 0.042108707 4.882719 -0.073559225 0.997290134 -0.001270106 -0.265712 -0.042088009 -0.001831948 0.999112189 -0.041112
0.99604845 0.077328019 0.04368085 5.133834 -0.077312402 0.997004807 -0.002049211 -0.264638 -0.043708477 -0.001335958 0.999043405 -0.101704
0.995667696 0.080930732 0.045783736 5.2699940000000005 -0.080919139 0.996718466 -0.002109463 -0.30354200000000003 -0.045804214 -0.001604457 0.99894917 -0.182898
0.995267868 0.084188148 0.048520979 5.546541 -0.08417251 0.996448457 -0.002368916 -0.378459 -0.048548084 -0.001726427 0.998819292 -0.275295
0.994895995 0.086849935 0.051372904 5.829648 -0.08678294 0.996220946 -0.003537458 -0.390735 -0.051485989 -0.000938889 0.99867326 -0.377644
0.994513094 0.089413382 0.054303247 6.173858 -0.089342132 0.995993912 -0.003743077 -0.491344 -0.054420382 -0.001129028 0.998517513 -0.5156769999999999
0.994337261 0.089499064 0.057299007 6.632695 -0.089334689 0.995986819 -0.005429045 -0.511173 -0.057554949 0.000279513 0.998342276 -0.5768089999999999
0.994246662 0.090116426 0.057900343 6.814274 -0.089933425 0.995931149 -0.005764075 -0.557224 -0.058184192 0.000523736 0.998305678 -0.596956
0.994015515 0.091142543 0.060216296 6.944024 -0.090901114 0.995837212 -0.006742095 -0.578241 -0.060580112 0.001228019 0.998162508 -0.5430860000000001
0.993965507 0.091325872 0.060762063 7.055631 -0.091101855 0.995820701 -0.006452712 -0.661351 -0.061097417 0.000878236 0.998131394 -0.483552
0.993878782 0.09167967 0.061641548 7.109656 -0.091420494 0.99578768 -0.007017795 -0.672927 -0.062025283 0.001339538 0.998073637 -0.398603
0.993701637 0.093309015 0.062051438 7.1915700000000005 -0.09301167 0.995635509 -0.007669587 -0.653133 -0.062496249 0.001849775 0.998043478 -0.264267
0.993293285 0.097377509 0.062336747 7.289315 -0.097043857 0.99524492 -0.008365179 -0.669991 -0.062854901 0.00225968 0.998020113 -0.09809799999999999
0.992693901 0.1026887 0.063354656 7.343298 -0.102345601 0.994711339 -0.008645964 -0.6919749999999999 -0.063907437 0.002098724 0.997953594 0.159824
0.992423058 0.105189338 0.063494995 7.3945929999999995 -0.104834102 0.994449794 -0.008910159 -0.6831590000000001 -0.064079843 0.002186205 0.997942328 0.280774
0.991781771 0.11081063 0.063952349 7.4925820000000005 -0.110456198 0.993839741 -0.009062607 -0.7053619999999999 -0.064562611 0.001924195 0.997911751 0.580153
0.991026163 0.116945095 0.064737484 7.625955 -0.116618298 0.993137717 -0.008816998 -0.7363219999999999 -0.065324344 0.0011883 0.997863293 0.8241970000000001
0.990720749 0.119248718 0.065207966 7.706305 -0.11891038 0.992863774 -0.009059195 -0.690728 -0.065822914 0.001221229 0.99783051 0.925042
0.99009788 0.123679616 0.066403568 7.8723860000000005 -0.123365961 0.992322087 -0.008819223 -0.647422 -0.066984482 0.000539954 0.997753799 1.1231730000000002
0.989302039 0.129088059 0.0679534 8.022257 -0.128905937 0.991631627 -0.007076616 -0.655442 -0.068298243 -0.001758687 0.997663379 1.243524
0.988630056 0.13315323 0.069862217 8.236269 -0.133027017 0.991091251 -0.006476805 -0.596259 -0.070102237 -0.002890398 0.997535586 1.290122
0.988349497 0.13479872 0.070671685 8.36759 -0.134695292 0.990867376 -0.006248776 -0.576708 -0.070868596 -0.00334317 0.997480035 1.279744
0.987956643 0.137134731 0.07166411 8.44945 -0.137050301 0.990545213 -0.006117443 -0.5564870000000001 -0.07182546 -0.00377782 0.997409999 1.278877
0.987075746 0.142289281 0.073723152 8.590877 -0.142277762 0.989811897 -0.005434791 -0.536037 -0.07374537 -0.005124616 0.997263908 1.1934280000000002
0.986610055 0.145215735 0.074249431 8.729743 -0.145257622 0.989381969 -0.004864698 -0.561827 -0.074167468 -0.005985734 0.997227788 1.115417
0.986109972 0.148132741 0.075124741 8.832488 -0.148164198 0.988949239 -0.005185202 -0.518196 -0.075062647 -0.006017617 0.997160614 1.053433
0.985622764 0.150920242 0.075965844 8.909992 -0.15096049 0.988525927 -0.005245533 -0.495827 -0.075885862 -0.006297724 0.997096539 0.988163
0.985003412 0.15405634 0.077683084 8.930757 -0.154160067 0.988034725 -0.004696099 -0.5326989999999999 -0.077477053 -0.007349956 0.996967018 0.899083
0.983747423 0.161113098 0.079268597 9.070635000000001 -0.161230668 0.986904323 -0.004957068 -0.463927 -0.079029173 -0.007904027 0.996840894 0.719205
0.983079493 0.164612055 0.08035896 9.117682 -0.16478093 0.986319721 -0.004571529 -0.48353300000000005 -0.080012143 -0.008747446 0.996755481 0.655499
0.982665718 0.166947335 0.080601387 9.234455 -0.167142525 0.985923052 -0.004367194 -0.5013580000000001 -0.080195859 -0.009180426 0.996736825 0.599317
0.982196569 0.169681013 0.080611236 9.342484 -0.169850841 0.985458076 -0.004796136 -0.46534400000000004 -0.080252811 -0.008981138 0.996734023 0.559815
0.981505156 0.173146188 0.081658259 9.376792 -0.173352778 0.984848976 -0.004607186 -0.462551 -0.081218772 -0.009633709 0.996649683 0.479401
0.980819523 0.177060783 0.081500836 9.506804 -0.17728591 0.984149039 -0.004523725 -0.441506 -0.081009939 -0.010011991 0.996662974 0.38650700000000004
0.980131626 0.180344805 0.082569025 9.521699 -0.180586502 0.983548462 -0.004593582 -0.402752 -0.082039058 -0.010408536 0.9965747 0.325701
0.979444861 0.183706343 0.083304569 9.53645 -0.183970228 0.982921183 -0.00456404 -0.37361700000000003 -0.082720272 -0.010855334 0.996513605 0.265173
0.978613496 0.187844977 0.083843514 9.611969 -0.188139513 0.982132256 -0.004445461 -0.358693 -0.083180472 -0.011423889 0.996468961 0.191524
0.977564931 0.193067044 0.084212512 9.725424 -0.193377748 0.98111397 -0.004529807 -0.3341 -0.083496623 -0.011856645 0.99643743 0.128486
0.976662934 0.197526246 0.084337734 9.826514999999999 -0.197855577 0.980220675 -0.004518765 -0.296078 -0.083562173 -0.012273384 0.996427 0.093982
0.975691736 0.201844111 0.085349478 9.822951999999999 -0.202236041 0.979328036 -0.004119366 -0.295266 -0.084416613 -0.01324151 0.996342599 0.052853
0.974672437 0.206395105 0.086108215 9.844040999999999 -0.206798032 0.978374064 -0.004311719 -0.25804400000000005 -0.085135974 -0.013604496 0.996276438 -0.012695
0.973570645 0.211443409 0.08632379 9.923345 -0.211901724 0.977282941 -0.003924541 -0.261874 -0.085192598 -0.014471341 0.996259391 -0.10453100000000001
0.972464681 0.216633126 0.085922748 10.027974 -0.21713841 0.97613436 -0.00353378 -0.269103 -0.084637694 -0.015220652 0.996295512 -0.194511
0.97129488 0.221289873 0.087275565 9.984965 -0.221763402 0.975090683 -0.004354562 -0.181078 -0.086065218 -0.015124961 0.996174693 -0.242629
0.970384181 0.225183547 0.087446772 10.056867 -0.225701898 0.97418797 -0.004043257 -0.197687 -0.086100079 -0.015813392 0.996160984 -0.316878
0.96944356 0.229199111 0.087447353 10.123981 -0.229745418 0.973242879 -0.003901631 -0.197913 -0.086001761 -0.016308218 0.99616152 -0.400335
0.96827668 0.233868033 0.088011026 10.114108 -0.234430566 0.972124457 -0.004035503 -0.172092 -0.086501457 -0.016724993 0.996111333 -0.458433
0.967289329 0.237924412 0.087995484 10.132938 -0.238482267 0.971137404 -0.004272084 -0.137311 -0.086472146 -0.016853023 0.996111691 -0.542945
0.966393828 0.24171178 0.08751215 10.191364 -0.242240354 0.97020489 -0.00468936 -0.090357 -0.086038195 -0.016667208 0.996152401 -0.6232399999999999
0.965309143 0.245801449 0.088089645 10.151488 -0.246380821 0.969163001 -0.004404759 -0.104358 -0.086455926 -0.017451644 0.99610281 -0.716963
0.964177191 0.249978989 0.088728473 10.107690000000002 -0.250620514 0.968077064 -0.004016098 -0.121187 -0.086899944 -0.018364947 0.996047795 -0.7812570000000001
0.963159382 0.254016221 0.088316366 10.155762000000001 -0.254667252 0.967020452 -0.004004978 -0.131245 -0.08642108 -0.018633856 0.996084392 -0.866416
0.961953759 0.258610249 0.088123627 10.175142 -0.259289473 0.965791881 -0.003849122 -0.136682 -0.086104512 -0.019146852 0.996102035 -0.931224
0.960377097 0.264364153 0.088246182 10.167432 -0.265054226 0.964225054 -0.004018185 -0.112873 -0.086151458 -0.019531051 0.996090591 -0.99328
0.958432913 0.271172583 0.088723421 10.114425 -0.271871924 0.962323666 -0.004336741 -0.065596 -0.086556658 -0.019964935 0.996046782 -1.076163
0.956496596 0.278090566 0.088203937 10.140756000000001 -0.278804243 0.960337996 -0.004371415 -0.048575 -0.08592125 -0.020410392 0.996092856 -1.134399
0.954606831 0.284413815 0.088513434 10.12394 -0.285163939 0.958468974 -0.00431968 -0.040902999999999995 -0.08606597 -0.021117246 0.996065617 -1.1807670000000001
0.952613771 0.291242123 0.087778814 10.197859 -0.291996777 0.956409037 -0.004402669 -0.039813 -0.085234717 -0.021437092 0.996130228 -1.223428
0.950106859 0.299183995 0.088237911 10.213643999999999 -0.299967855 0.953938365 -0.004551543 -0.029311 -0.085535295 -0.022144083 0.996089041 -1.250935
0.947276831 0.308031887 0.088220634 10.287621999999999 -0.308864266 0.951095879 -0.00439663 -0.033813 -0.0852606 -0.023083378 0.996091247 -1.289846
0.94362402 0.319063395 0.088160403 10.335317 -0.319948286 0.947425246 -0.004286153 -0.023112 -0.084892958 -0.024162255 0.996097028 -1.312288
0.939866662 0.329818487 0.088715404 10.303270999999999 -0.330769598 0.943702221 -0.004183563 -0.022819 -0.085100748 -0.025412368 0.996048272 -1.288969
0.936999381 0.337797731 0.089021601 10.303866 -0.338824928 0.940841794 -0.003768636 -0.063029 -0.085028291 -0.026631527 0.996022582 -1.278229
0.934513152 0.344578445 0.089167245 10.351107 -0.345586926 0.938376486 -0.004360456 -0.058507 -0.085174985 -0.026740132 0.996007085 -1.283432
0.931476533 0.352720618 0.089104854 10.429034 -0.353779674 0.935319543 -0.004142115 -0.10321499999999999 -0.084802523 -0.027665202 0.996013701 -1.2808089999999999
0.927691519 0.36264509 0.088752761 10.499948 -0.363679707 0.9315117 -0.004794951 -0.06672499999999999 -0.084413111 -0.027829343 0.996042192 -1.282753
0.923859358 0.372155964 0.089351952 10.479612 -0.373179346 0.927742302 -0.005590958 -0.007408 -0.084976308 -0.028179051 0.995984375 -1.238636
0.921029329 0.379071146 0.089499339 10.506521 -0.380118549 0.924920142 -0.005701004 -0.014163 -0.084940836 -0.028769569 0.995970607 -1.1791079999999998
0.918719888 0.384648681 0.089437492 10.545914 -0.385730773 0.922594666 -0.005548864 -0.049786000000000004 -0.084648922 -0.029400941 0.995976985 -1.133213
0.915978074 0.391151935 0.089355327 10.58391 -0.39222008 0.91985178 -0.006007752 -0.021419 -0.084543601 -0.029543985 0.995981693 -1.111181
0.913174272 0.397568941 0.089730985 10.593277 -0.398700267 0.917063415 -0.00571782 -0.041062 -0.084562235 -0.030554408 0.995949626 -1.090733
0.910880446 0.402766049 0.089868635 10.622452 -0.403829485 0.91480875 -0.006827121 0.038776000000000005 -0.084962361 -0.030072916 0.995930254 -1.0547499999999999
0.909066498 0.406769812 0.090202518 10.626263999999999 -0.407872677 0.913014293 -0.006688484 0.008664 -0.085076876 -0.030710867 0.995900989 -1.0312819999999998
0.907039821 0.411213696 0.090454355 10.627183 -0.412322313 0.911011517 -0.006938822 -0.019944 -0.085258313 -0.031002562 0.995876431 -0.990082
0.904437423 0.417025656 0.089902595 10.694 -0.418162078 0.908347607 -0.006705404 -0.07858499999999999 -0.084459148 -0.03152924 0.995927989 -0.951809
0.901449323 0.423227936 0.090924144 10.621592 -0.424407303 0.90544498 -0.006906074 -0.110122 -0.08524967 -0.032363407 0.995833874 -0.918278
0.898800969 0.42882961 0.090895034 10.63503 -0.430008888 0.90279603 -0.007186573 -0.146176 -0.085141495 -0.032626379 0.995834589 -0.9072760000000001
0.896604598 0.433418453 0.09082184 10.654515 -0.434553057 0.900611341 -0.007920012 -0.17077699999999998 -0.085227877 -0.032365788 0.995835662 -0.8446089999999999
0.894175768 0.438298136 0.091348112 10.615625 -0.439444989 0.898231745 -0.008234586 -0.27956 -0.085660987 -0.032779306 0.995784938 -0.7971229999999999
0.891578972 0.443529427 0.091479398 10.596486 -0.444652021 0.895659626 -0.008843585 -0.375551 -0.08585681 -0.032791752 0.995767653 -0.778398
0.888620615 0.449529111 0.090977594 10.639315 -0.450586975 0.892679513 -0.009723268 -0.450418 -0.08558473 -0.032353025 0.995805442 -0.7474120000000001
0.885326445 0.455960065 0.091091268 10.635036000000001 -0.456989586 0.889410794 -0.010438263 -0.54596 -0.085776992 -0.032386497 0.995787859 -0.727463
0.882267177 0.461834818 0.091177046 10.61076 -0.462788582 0.886391938 -0.011663211 -0.620526 -0.086205073 -0.031905636 0.995766401 -0.690049
0.879538774 0.467022628 0.091111362 10.585602 -0.467889041 0.883692503 -0.012927679 -0.714697 -0.086551972 -0.031259619 0.995756805 -0.676503
0.877388418 0.471126825 0.090714604 10.605118000000001 -0.471933126 0.881527781 -0.013699726 -0.8246110000000001 -0.086421765 -0.030791251 0.995782673 -0.6663669999999999
0.873536468 0.478119075 0.091302514 10.540145 -0.478785396 0.877788067 -0.015888836 -0.986551 -0.087741032 -0.029834837 0.995696425 -0.640045
0.869662106 0.485289216 0.09045627 10.58895 -0.485807061 0.873887062 -0.017688271 -1.1549209999999999 -0.087632507 -0.02856148 0.995743334 -0.6610210000000001
0.866705 0.490645528 0.089941144 10.603394 -0.490998775 0.870937765 -0.019686222 -1.253557 -0.087992102 -0.027098851 0.995752513 -0.673194
0.864810407 0.494065344 0.089455739 10.607398 -0.494309813 0.869032979 -0.020958006 -1.36361 -0.088094629 -0.026094157 0.995770276 -0.675413
0.861785114 0.499230742 0.089972526 10.551343 -0.499438286 0.866074741 -0.021813542 -1.529125 -0.088812932 -0.026137143 0.995705366 -0.651324
0.860445857 0.501672029 0.089208424 10.599297 -0.501783431 0.86469245 -0.02280781 -1.541513 -0.088579915 -0.025138428 0.995751798 -0.642781
0.858898759 0.504311085 0.089237608 10.596482 -0.504401028 0.86315763 -0.023202103 -1.6201729999999999 -0.088727206 -0.025083292 0.995740056 -0.61652
0.857593119 0.50653106 0.089220315 10.605359 -0.50664115 0.861847579 -0.023095848 -1.684326 -0.088593081 -0.025395846 0.995744109 -0.603279
0.856437504 0.508474052 0.089268938 10.606648999999999 -0.508551717 0.860708416 -0.023581535 -1.686528 -0.088825129 -0.025201768 0.995728374 -0.6022799999999999
0.853062093 0.514125407 0.089219809 10.619564 -0.514209926 0.857333839 -0.023807893 -1.7587650000000001 -0.088731423 -0.025568098 0.99572736 -0.5632830000000001
0.849799454 0.519581258 0.088747695 10.659640999999999 -0.519538403 0.854069114 -0.025406966 -1.711417 -0.088997655 -0.024517022 0.995730102 -0.515184
0.848718762 0.521364987 0.088629536 10.681704 -0.521315634 0.852981389 -0.025546985 -1.7310299999999998 -0.088918664 -0.024521768 0.995737016 -0.495613
0.845700443 0.526281118 0.088424973 10.736067 -0.526228786 0.849951446 -0.02580129 -1.7823360000000001 -0.088735685 -0.024711613 0.995748639 -0.472259
0.843678832 0.529341042 0.089465216 10.661926000000001 -0.529376328 0.848009884 -0.025293134 -1.85381 -0.089256085 -0.026021484 0.995668709 -0.456631
0.841177046 0.533372164 0.089079931 10.719272 -0.533324659 0.845500469 -0.026336167 -1.801333 -0.089364111 -0.025355143 0.995676219 -0.401405
0.839047611 0.536600471 0.089771688 10.686008000000001 -0.536613762 0.84342581 -0.026045835 -1.867236 -0.089691982 -0.026319033 0.995621741 -0.35028099999999995
0.836486995 0.540686429 0.089149654 10.730999 -0.540677011 0.840817451 -0.026351281 -1.881686 -0.089206368 -0.026158666 0.995669603 -0.32206599999999996
0.835244238 0.542658627 0.088818438 10.751017 -0.542621672 0.839553535 -0.026676141 -1.876476 -0.089043878 -0.025913719 0.995690584 -0.298632
0.834183931 0.544225037 0.089198142 10.715283000000001 -0.544209838 0.83852613 -0.026634825 -1.89849 -0.089290321 -0.026324173 0.995657682 -0.26211300000000004
0.831740439 0.547953248 0.089191929 10.691239 -0.547924578 0.836091876 -0.027000796 -1.9536269999999998 -0.089367822 -0.0264128 0.995648384 -0.184451
0.830357075 0.550106585 0.088825077 10.702233999999999 -0.550003052 0.834697962 -0.027852194 -1.943379 -0.0894638 -0.025726805 0.995657742 -0.19616
0.828745484 0.552606702 0.088356324 10.695860999999999 -0.552533865 0.833036005 -0.027517661 -2.015698 -0.088810451 -0.02601473 0.995708764 -0.149801
0.827117383 0.555097699 0.087996639 10.69313 -0.554994106 0.831386209 -0.027901527 -2.050213 -0.088647269 -0.025759783 0.995729923 -0.136172
0.824934781 0.558346331 0.087931618 10.666135 -0.558186173 0.829218924 -0.028705606 -2.0554829999999997 -0.088942245 -0.02540197 0.995712817 -0.122643
0.822898388 0.561366737 0.087781899 10.648048000000001 -0.561191976 0.827177286 -0.029002283 -2.110658 -0.088892132 -0.025396571 0.995717466 -0.08025800000000001
0.82078892 0.564409256 0.088020839 10.593499 -0.564251244 0.825091422 -0.029062169 -2.182029 -0.089028209 -0.02581197 0.995694578 -0.06809
0.818510056 0.567669749 0.088274285 10.535381 -0.56749028 0.822848976 -0.02956713 -2.220269 -0.089420781 -0.025893811 0.995657265 -0.028217000000000002
0.813533902 0.574972749 0.086998612 10.532552 -0.574756384 0.817772985 -0.030039484 -2.347988 -0.088417009 -0.025564868 0.995755434 0.006703
0.811308146 0.578183949 0.086501442 10.535388 -0.577904284 0.815523207 -0.030797273 -2.3851649999999998 -0.088350438 -0.025003482 0.99577558 0.034126
0.808544517 0.58191973 0.087322704 10.439128 -0.581682444 0.812833488 -0.030777982 -2.4931300000000003 -0.088889137 -0.02590872 0.995704472 0.069057
0.805595338 0.586136997 0.086369075 10.468178 -0.585782647 0.809833407 -0.032066725 -2.499641 -0.088740081 -0.02476071 0.99574703 0.07664
0.80242759 0.590441346 0.086538881 10.414114 -0.590052783 0.806699991 -0.032752089 -2.547724 -0.08914911 -0.024781333 0.995709956 0.078206
0.799613297 0.594417214 0.085362397 10.44911 -0.59396553 0.80379802 -0.033370629 -2.5880349999999996 -0.088450208 -0.024018729 0.995790958 0.121168
0.797292769 0.597529233 0.085341014 10.392758 -0.596960545 0.801512778 -0.034860231 -2.57267 -0.089231923 -0.023151409 0.995741785 0.146501
0.794514298 0.601201177 0.085464261 10.320508 -0.600652277 0.798748732 -0.034888729 -2.6896530000000003 -0.089239627 -0.023614714 0.995730221 0.162963
0.791846097 0.604802966 0.084812701 10.309681 -0.604257941 0.796024621 -0.034885924 -2.794693 -0.088612117 -0.023624472 0.995785952 0.171898
0.789372504 0.6080603 0.084579937 10.257925 -0.607458413 0.793550789 -0.035655759 -2.842408 -0.088799343 -0.023233125 0.995778561 0.16629200000000002
0.787455559 0.610663891 0.083685867 10.241517 -0.609989047 0.791573405 -0.036398683 -2.863076 -0.088470869 -0.022385115 0.995827258 0.175296
0.785149634 0.613692224 0.083197668 10.198838 -0.612906575 0.78925544 -0.037700024 -2.856593 -0.08880043 -0.021392241 0.995819688 0.178867
0.779794574 0.620619535 0.082169577 10.113344999999999 -0.619836926 0.783818662 -0.03781987 -2.99957 -0.087877803 -0.021440016 0.995900571 0.172586
0.775398552 0.626237988 0.081136353 10.021374 -0.625407577 0.779350758 -0.038440756 -3.020063 -0.087306753 -0.020936394 0.995961428 0.168386
0.772031903 0.630463719 0.08051268 9.904157 -0.629620075 0.775939286 -0.038686603 -3.053843 -0.086863451 -0.02082511 0.996002555 0.201652
0.767130375 0.636679292 0.078424044 9.803487 -0.635725319 0.770886958 -0.039828826 -2.919881 -0.085814282 -0.019302256 0.996124208 0.138025
0.764245391 0.640240788 0.077593483 9.564563999999999 -0.639388919 0.767911732 -0.038642943 -2.931386 -0.084325738 -0.02007973 0.996235907 0.21463600000000002
0.762671828 0.642563045 0.073786601 9.449940999999999 -0.64162451 0.766029716 -0.038941279 -2.746906 -0.081544951 -0.017643876 0.996513486 0.29671400000000003
0.761003375 0.644600093 0.073243022 9.192316 -0.643715501 0.764307439 -0.038268447 -2.704854 -0.080648035 -0.018025244 0.996579647 0.415049
0.760109365 0.645942509 0.070653178 9.091159 -0.644991159 0.763213694 -0.038614638 -2.5729509999999998 -0.07886631 -0.016219333 0.996753275 0.520759
0.758970559 0.647629976 0.067372657 8.979467 -0.646704197 0.761808157 -0.037707239 -2.5215530000000004 -0.075745396 -0.014951501 0.997015119 0.523018
0.756808281 0.650240183 0.066550687 8.732498 -0.649354935 0.759578347 -0.037132118 -2.482453 -0.074695267 -0.015113128 0.997091889 0.651664
0.75398618 0.653669178 0.064973772 8.529388 -0.652854621 0.756626487 -0.036015429 -2.498755 -0.072703056 -0.015263308 0.997236848 0.7041550000000001
0.752112091 0.655792415 0.065297522 8.389316 -0.655042827 0.754766941 -0.035295557 -2.533262 -0.072430968 -0.016226461 0.997241437 0.735401
0.750081182 0.658286154 0.063542277 8.395121999999999 -0.657494247 0.752617121 -0.035619218 -2.507524 -0.071270645 -0.015061381 0.997343302 0.719067
0.745054781 0.664050758 0.062691063 8.168403 -0.663212597 0.747547209 -0.03636134 -2.479799 -0.071010314 -0.014486327 0.997370362 0.76334
0.742861867 0.666632175 0.061301105 8.160043 -0.665775955 0.745260298 -0.036459886 -2.49548 -0.069990627 -0.013728149 0.997453213 0.742375
0.740525544 0.66921854 0.061388146 8.015993 -0.668416858 0.742923975 -0.03581617 -2.581238 -0.069575578 -0.014510095 0.997471094 0.760223
0.738236427 0.671852887 0.060171526 8.006386000000001 -0.671042442 0.740553498 -0.035812408 -2.6321220000000003 -0.06862089 -0.013939621 0.997545421 0.758201
0.732376218 0.678398609 0.058311895 7.985175000000001 -0.677484453 0.734592497 -0.03726479 -2.652746 -0.06811586 -0.012213555 0.997602642 0.751371
0.728636563 0.682372868 0.058787845 7.840734 -0.681496084 0.730886579 -0.036983963 -2.742053 -0.068204105 -0.013115816 0.997585177 0.7325670000000001
0.725231051 0.686013877 0.058522686 7.769193 -0.685100913 0.727475703 -0.037626546 -2.765552 -0.068386167 -0.012806001 0.997576714 0.7267159999999999
0.722001553 0.689442694 0.058158591 7.726547999999999 -0.688546717 0.724223614 -0.037464567 -2.864532 -0.067949504 -0.012995429 0.997604132 0.720819
0.718343139 0.693311691 0.057463918 7.722057 -0.692402363 0.720525861 -0.037703179 -2.957719 -0.067544296 -0.012704328 0.997635365 0.7102890000000001
0.709077656 0.702838063 0.056811515 7.660098 -0.701812029 0.711253643 -0.039724588 -3.061903 -0.068327352 -0.011703187 0.997594297 0.7129420000000001
0.704940498 0.707031906 0.05625625 7.6451970000000005 -0.705999136 0.707086861 -0.039917767 -3.174465 -0.068001203 -0.011577211 0.99761802 0.6774399999999999
0.701109231 0.710811615 0.056503706 7.577787 -0.70974642 0.703286171 -0.040602472 -3.245913 -0.068598978 -0.011636528 0.997576416 0.6719649999999999
0.696598709 0.715279043 0.055911824 7.5781789999999996 -0.714130878 0.698756516 -0.041909132 -3.2851500000000002 -0.069045484 -0.010734512 0.997555733 0.625452
0.691610396 0.720144153 0.055382974 7.60774 -0.718983412 0.693743169 -0.042228166 -3.405383 -0.068831936 -0.010613997 0.997571766 0.63757
0.686845005 0.724665523 0.055710427 7.588416 -0.723474801 0.689015567 -0.042915113 -3.493211 -0.069484465 -0.010829057 0.997524261 0.659369
0.682154894 0.729086697 0.055651855 7.6060360000000005 -0.727848709 0.68433845 -0.043783009 -3.5629 -0.070006333 -0.010639337 0.99748975 0.636575
0.677747071 0.733116448 0.056560472 7.540099 -0.731868327 0.680007517 -0.044253506 -3.635342 -0.070904523 -0.01140213 0.997417927 0.653003
0.673637927 0.736924827 0.056157503 7.5961170000000005 -0.735593975 0.675890923 -0.045528691 -3.662277 -0.071507566 -0.010639264 0.997383296 0.6255419999999999
0.669608235 0.740579426 0.056273475 7.618847 -0.739238203 0.671880424 -0.045862883 -3.761308 -0.07177417 -0.010889338 0.997361481 0.631839
0.666172445 0.743649006 0.056573283 7.650306 -0.742247403 0.668483734 -0.046886604 -3.80004 -0.072685495 -0.010756804 0.99729687 0.661332
0.659015477 0.749938846 0.057361733 7.736505999999999 -0.748541892 0.661401927 -0.047248974 -3.9998940000000003 -0.073373005 -0.011799851 0.997234702 0.682811
0.653382957 0.754791796 0.058136813 7.870844999999999 -0.753389359 0.655842543 -0.047695827 -4.109481 -0.074129023 -0.012636015 0.997168601 0.759212
0.649497449 0.758043587 0.05935362 7.908988000000001 -0.756619394 0.652064204 -0.048366286 -4.153651 -0.075366125 -0.013494313 0.99706459 0.757471
0.645596683 0.761312962 0.060061686 8.106724 -0.759915888 0.648223519 -0.048312187 -4.236697 -0.075714089 -0.014451634 0.997024834 0.775576
0.642776489 0.763644278 0.060710471 8.274799 -0.762230337 0.645464838 -0.048784837 -4.250241 -0.076440729 -0.014917614 0.996962547 0.797366
0.640912235 0.765094101 0.062149536 8.442471 -0.763695657 0.643717527 -0.048956174 -4.2104029999999995 -0.07746283 -0.016086718 0.996865451 0.772046
0.636728883 0.76843065 0.063958652 8.65371 -0.767127037 0.639671624 -0.048333958 -4.207618 -0.078053847 -0.018288787 0.996781409 0.748962
0.63581121 0.769004941 0.066146895 8.873219 -0.767768443 0.638922632 -0.048057243 -4.018502 -0.079218999 -0.020230167 0.996651888 0.6898470000000001
0.636683464 0.7681036 0.068197697 9.143918 -0.766981542 0.639936924 -0.047117546 -3.859257 -0.079833381 -0.022307403 0.996558547 0.603915
0.63709265 0.767598867 0.070034362 9.334072 -0.766632259 0.640458822 -0.045687374 -3.757811 -0.079923712 -0.024583509 0.99649775 0.539842
0.637854457 0.766785145 0.071987532 9.583943 -0.765891314 0.641368687 -0.045350704 -3.5981989999999997 -0.080944806 -0.026207482 0.996373892 0.48508
0.638416886 0.766082227 0.074443318 9.754735 -0.765380025 0.642087042 -0.043790806 -3.479363 -0.081346452 -0.029020635 0.996263266 0.433321
0.639382958 0.765027046 0.076961249 10.009288999999999 -0.764562011 0.643195629 -0.041763436 -3.430552 -0.081451304 -0.032138821 0.996159017 0.43784199999999995
0.639941514 0.764297426 0.079524435 10.288113999999998 -0.764007688 0.643926442 -0.040630471 -3.3207419999999996 -0.082261667 -0.03475615 0.996004522 0.43240999999999996
0.640384853 0.763736665 0.081322975 10.600560999999999 -0.76361388 0.644472539 -0.039356411 -3.2189419999999997 -0.082468368 -0.036896095 0.995910466 0.353602
0.639650285 0.764036119 0.08423923 10.832111 -0.764100552 0.64394784 -0.038489815 -3.087149 -0.083653294 -0.039747216 0.995701909 0.352073
0.638897479 0.764463663 0.086053513 10.96194 -0.764693737 0.643304944 -0.037446372 -3.063624 -0.083985046 -0.041880179 0.995586514 0.348613
0.637614787 0.765306652 0.088051334 11.301765999999999 -0.76567626 0.64216727 -0.036892954 -2.920812 -0.084778115 -0.043895319 0.995432496 0.38057
0.634963214 0.767162144 0.091015331 11.581341 -0.767781615 0.639714599 -0.035728648 -2.848289 -0.085633516 -0.047193523 0.995208383 0.400602
0.631336093 0.769841671 0.093587078 11.855238 -0.770653784 0.636281133 -0.035200186 -2.782747 -0.086646274 -0.049900074 0.99498862 0.422103
0.629454494 0.771176457 0.095257372 11.984228 -0.772098005 0.634536088 -0.035050109 -2.776486 -0.08747407 -0.051485579 0.994835377 0.48205
0.628105402 0.772138178 0.096364997 12.153789999999999 -0.773121774 0.633285761 -0.03509666 -2.76933 -0.088126056 -0.052457478 0.994727075 0.516479
0.626148462 0.773519278 0.098010436 12.23707 -0.774612844 0.631467044 -0.034989987 -2.775321 -0.088955805 -0.054011215 0.994570076 0.576816
0.623722196 0.775269091 0.099641845 12.338164 -0.776475668 0.629179537 -0.034908522 -2.817269 -0.089756116 -0.055596247 0.994410813 0.6183960000000001
0.621250868 0.77714628 0.10045395 12.495364 -0.778390467 0.626793504 -0.035185866 -2.840304 -0.090308458 -0.056333151 0.99431932 0.70518
0.617839694 0.779658914 0.102009915 12.597226 -0.781044185 0.623500884 -0.034879278 -2.9226159999999997 -0.090797223 -0.058124442 0.994171679 0.740979
0.614545584 0.782121062 0.10305512 12.715918 -0.783549309 0.620323956 -0.035336919 -2.918206 -0.091565304 -0.059032612 0.994047761 0.75465
0.611068606 0.784768462 0.103603154 12.877353 -0.786207497 0.616921842 -0.035848614 -2.9655549999999997 -0.092047915 -0.059547614 0.993972421 0.829389
0.607363462 0.787461936 0.104945481 12.968376000000001 -0.788923621 0.613390446 -0.036765143 -3.045297 -0.093323722 -0.06046417 0.993798137 1.0198150000000001
0.603392303 0.790284395 0.106621951 13.000111 -0.79172951 0.609667718 -0.038335115 -3.089201 -0.095299609 -0.061284639 0.993560314 1.10297
0.599714935 0.793103576 0.106436759 13.16273 -0.79455632 0.605972409 -0.038439929 -3.224719 -0.094984576 -0.061517015 0.993576109 1.0813579999999998
0.595566273 0.796037972 0.107816942 13.168353000000002 -0.797479391 0.602033138 -0.039782982 -3.240971 -0.096578129 -0.062288389 0.993374467 1.124078
0.591293573 0.799261332 0.107486084 13.306447 -0.800548553 0.597828388 -0.041510135 -3.282067 -0.09743569 -0.061503161 0.993339598 1.1927070000000002
0.586821854 0.80249542 0.107894421 13.379394 -0.803724408 0.593465447 -0.042728864 -3.4142550000000003 -0.098321334 -0.06164315 0.993243694 1.305371
0.582709014 0.805366516 0.10878893 13.421656 -0.806629837 0.58946985 -0.043283775 -3.612089 -0.098987095 -0.062530555 0.993122101 1.445927
0.579010844 0.808030725 0.108778767 13.500695 -0.809197724 0.585844874 -0.044551414 -3.7318439999999997 -0.099726394 -0.062227778 0.993067086 1.513157
0.574851453 0.811010659 0.108662203 13.559069 -0.812046826 0.581766427 -0.04612799 -3.8059790000000002 -0.100626312 -0.061722051 0.993007898 1.540597
0.570494652 0.813976228 0.109446995 13.536638 -0.814939141 0.577581465 -0.047686152 -3.893085 -0.102029949 -0.061987948 0.992848039 1.613286
0.566593587 0.816720665 0.109266073 13.624405 -0.81760025 0.573721588 -0.048717175 -4.054715000000001 -0.102476634 -0.061733119 0.992817998 1.705146
0.562830687 0.819409609 0.108579345 13.735687 -0.82012099 0.569978833 -0.050255984 -4.158093 -0.103068173 -0.060762588 0.992816567 1.818004
0.558478475 0.822368443 0.108683065 13.770344999999999 -0.823003113 0.565704823 -0.051417433 -4.270401 -0.103766613 -0.060730979 0.992745757 1.921877
0.554283917 0.82510972 0.10937696 13.794262999999999 -0.825730622 0.561634421 -0.052303176 -4.37993 -0.10458573 -0.061325099 0.99262327 2.035444
0.550730824 0.827364743 0.110286139 13.806796 -0.827962637 0.558239937 -0.053347059 -4.485986 -0.105703607 -0.061932933 0.992467105 2.1513619999999998
0.544351518 0.831603587 0.110076994 13.918161 -0.832204401 0.551858485 -0.053740826 -4.792785 -0.105437994 -0.062352654 0.992469132 2.291057
0.53917563 0.834964335 0.110110141 14.0923 -0.83541733 0.546798289 -0.055582535 -4.878363 -0.106617466 -0.062019188 0.992363989 2.416736
0.533701837 0.838365793 0.110928379 14.306925 -0.838784814 0.541488707 -0.056832783 -4.938289999999999 -0.107713111 -0.062713265 0.992202044 2.690041
0.530802488 0.840075076 0.111904666 14.507228000000001 -0.840544105 0.538716495 -0.057185415 -4.947468 -0.108324923 -0.063706651 0.992072165 2.908467
0.530615687 0.840085506 0.11270877 14.691961 -0.84066534 0.538583219 -0.056655455 -4.844242 -0.108298481 -0.064688094 0.992011547 3.149816
0.531154931 0.839537561 0.114241458 14.821541 -0.840370715 0.539193749 -0.055200972 -4.790385000000001 -0.107941568 -0.066684909 0.991918147 3.369491
0.532337129 0.838559449 0.115910105 15.086566 -0.839694321 0.540432155 -0.053351566 -4.559138 -0.107380025 -0.068928033 0.991825819 3.7489950000000003
0.532249689 0.838393867 0.117498696 15.078536999999999 -0.839729011 0.540458977 -0.052528102 -4.486417 -0.107542478 -0.070709005 0.991682827 4.020669
0.532335699 0.838322639 0.117616951 15.137955999999999 -0.839665174 0.5405581 -0.052528594 -4.50703 -0.107614711 -0.07079602 0.99166882 4.2219500000000005
0.532706738 0.838049054 0.117886759 15.26078 -0.839365244 0.540986478 -0.052910816 -4.556865 -0.108116999 -0.070764102 0.991616368 4.427362
0.531731129 0.838608027 0.118315414 15.359606 -0.839973569 0.540049851 -0.052825 -4.628761 -0.1081957 -0.071293123 0.991569936 4.653554
0.530461907 0.839371026 0.118602328 15.388822999999999 -0.840674996 0.538872182 -0.053688247 -4.610386 -0.108975843 -0.071226433 0.991489291 4.8448
0.528179288 0.840775311 0.118842199 15.382036 -0.842137635 0.536600113 -0.05351992 -4.681864 -0.108768977 -0.07181339 0.991469622 4.970819
0.52529037 0.842566609 0.118960701 15.367369 -0.843850017 0.533796191 -0.054576814 -4.678595 -0.10948538 -0.071716323 0.991397798 5.097799
0.521007061 0.845299125 0.118410103 15.33923 -0.846564889 0.529459953 -0.054772712 -4.771178 -0.108992733 -0.071704865 0.991452992 5.185852000000001
0.516996264 0.847855985 0.117707476 15.31744 -0.849016309 0.525428653 -0.055641793 -4.803325 -0.109023109 -0.071168967 0.991488159 5.302689999999999
0.513138831 0.850288272 0.117039785 15.290803 -0.851414084 0.521509349 -0.055874757 -4.892195 -0.108547002 -0.070977814 0.991554141 5.4221449999999995
0.508847058 0.853054881 0.115638189 15.286073 -0.854054928 0.517104089 -0.056511603 -4.931704 -0.108004496 -0.070005611 0.99168247 5.51611
0.504272759 0.855889022 0.114729755 15.239491000000001 -0.856830359 0.512451768 -0.056876525 -4.941898 -0.10747344 -0.069622643 0.991767168 5.601265000000001
0.500609875 0.85806495 0.114517853 15.14189 -0.858981073 0.508791268 -0.057296667 -4.941259 -0.107429944 -0.0696854 0.991767466 5.778491
0.498174727 0.85971576 0.112741895 15.126773 -0.860574424 0.506135345 -0.056908812 -4.958375 -0.105988055 -0.06867227 0.991993189 5.899922
0.494521737 0.862030625 0.111136824 15.027883000000001 -0.862892151 0.502257347 -0.056166232 -4.959288 -0.104236305 -0.068123676 0.992216647 6.168135
0.492143899 0.863591492 0.109563425 14.932355 -0.864437342 0.499667466 -0.05550148 -4.814143 -0.102675885 -0.067396 0.992429078 6.384743
0.489932269 0.864893019 0.109208211 14.833588 -0.865910769 0.497299224 -0.053777326 -4.686941 -0.100820787 -0.068217315 0.992563128 6.587573
0.488508999 0.865841806 0.108060263 14.806501999999998 -0.866972625 0.495636165 -0.051993888 -4.461061 -0.09857706 -0.068285808 0.992783785 6.810047
0.487271816 0.866570234 0.107806802 14.686443 -0.867899358 0.49422729 -0.049900975 -4.190109 -0.096523769 -0.069250122 0.99291867 7.020371
0.485286742 0.867696643 0.107700087 14.558698999999999 -0.869281948 0.492046624 -0.047318414 -4.001079 -0.094051495 -0.070658751 0.993056655 7.194317000000001
0.482923985 0.869037569 0.107508518 14.533411 -0.870635986 0.489655167 -0.047230273 -3.864233 -0.09368699 -0.070792161 0.993081689 7.262107
0.480778426 0.870204866 0.10768351 14.540254000000001 -0.871942461 0.487437516 -0.046053912 -3.904138 -0.092565328 -0.071752101 0.993117988 7.269437
0.474574655 0.873538494 0.108210288 14.627133 -0.875361145 0.481270581 -0.046058301 -3.8451589999999998 -0.09231212 -0.07286498 0.993060529 7.3765480000000005
0.472091049 0.874884725 0.108197644 14.788197 -0.876787066 0.478731483 -0.045392267 -3.788472 -0.091510601 -0.073437028 0.993092477 7.308033
0.471678168 0.875004053 0.109030142 14.902852 -0.87711066 0.478280514 -0.043871984 -3.705996 -0.090535156 -0.074938022 0.993069828 7.188967999999999
0.4725793 0.874310911 0.110676028 14.980901 -0.87664181 0.479244739 -0.042702265 -3.580521 -0.090375975 -0.076843023 0.992938757 7.075413
0.473293304 0.87370944 0.112361617 15.155173 -0.876325786 0.479975909 -0.040940821 -3.427709 -0.089701243 -0.07908836 0.992823541 6.8224469999999995
0.474795341 0.872599304 0.11462947 15.413102 -0.875616431 0.481479526 -0.038383521 -3.0828219999999997 -0.088685162 -0.082147144 0.992666423 6.630633
0.474171758 0.873033285 0.113903515 15.341717 -0.876039803 0.480748028 -0.03788846 -2.930397 -0.087836787 -0.081818372 0.992769063 6.759308000000001
0.473360986 0.873628736 0.112703688 15.211456 -0.876531065 0.479840279 -0.038033903 -2.803914 -0.087307282 -0.080784522 0.992900372 6.938408
0.472480655 0.87423116 0.111722589 15.045148 -0.877105236 0.478829861 -0.037527081 -2.774204 -0.08630345 -0.080261655 0.993030608 7.109442
0.471876174 0.87490654 0.108956203 15.047941999999999 -0.877606988 0.477946818 -0.037050672 -2.7667439999999996 -0.084491134 -0.07813739 0.993355751 7.250089
0.471075058 0.875485539 0.107765496 14.841523 -0.878141046 0.477003336 -0.036551755 -2.657435 -0.083405025 -0.077414684 0.993504167 7.529951
0.471236944 0.875633419 0.105838627 14.695777 -0.878222644 0.476928294 -0.035558056 -2.5344819999999997 -0.081613272 -0.076193608 0.993747354 7.736479999999999
0.472020656 0.875364542 0.104563221 14.540974 -0.877923191 0.477543533 -0.034683704 -2.488479 -0.080294371 -0.075427063 0.993913233 7.927913
0.471664459 0.875814199 0.102382392 14.389277 -0.878231883 0.476993024 -0.034443472 -2.3965129999999997 -0.079001769 -0.073669724 0.994148552 8.131842
0.469688118 0.877044678 0.100924551 14.106076 -0.879353106 0.474909395 -0.034629043 -2.354977 -0.078301236 -0.072483473 0.994291246 8.398137
0.468458623 0.877881169 0.099353895 13.911229 -0.880138934 0.473502636 -0.033921737 -2.423565 -0.0768236 -0.071554311 0.994473755 8.4527
0.467189401 0.878638089 0.098636426 13.721542999999999 -0.880814373 0.472209692 -0.034411266 -2.417108 -0.076812133 -0.070803806 0.994528353 8.487886
0.465899378 0.879436672 0.097616129 13.590788 -0.881512761 0.470870405 -0.034875076 -2.490075 -0.076634973 -0.069801591 0.994612813 8.545703
0.465363801 0.87972945 0.097533047 13.518924 -0.881825328 0.470306545 -0.034580857 -2.548389 -0.076292232 -0.069914438 0.99463129 8.520168
