1.0 0.0 0.0 0.0 0.0 1.0 0.0 0.0 0.0 0.0 1.0 0.0
1.0 5.6414e-05 0.000178104 -0.011922 -5.6424e-05 1.0 5.7482e-05 -0.006751 -0.000178101 -5.7492e-05 1.0 -0.004104
0.999999762 -0.000161235 0.000704866 -0.067458 0.000161935 0.999999523 -0.000992565 0.107042 -0.000704705 0.000992679 0.999999285 0.011991
0.999999762 -0.00050338 0.000430284 -0.12689099999999998 0.000504208 0.999998033 -0.001926291 0.378216 -0.000429313 0.001926507 0.999998033 0.076694
0.999999881 -0.000377046 0.000257106 -0.260555 0.000377535 0.999998093 -0.0019016 0.6246109999999999 -0.000256389 0.001901697 0.999998152 0.270489
0.999998987 -0.000746546 -0.001203144 -0.314765 0.000746604 0.999999702 4.7652e-05 0.711982 0.001203108 -4.855e-05 0.999999285 0.534149
0.999999166 -0.000955542 -0.000870747 -0.542217 0.000957012 0.999998093 0.001689549 0.8377169999999999 0.000869131 -0.001690381 0.999998212 0.802805
0.99999696 -0.000751738 -0.002398311 -0.689301 0.000757737 0.999996603 0.002501194 1.1073549999999999 0.002396424 -0.002503003 0.99999398 1.060414
0.99999404 -0.000206675 -0.003439002 -0.885171 0.000221721 0.999990344 0.004375435 1.317472 0.003438065 -0.004376172 0.999984503 1.243057
0.999987006 7.3164e-05 -0.005105521 -1.040502 -4.1422e-05 0.999980628 0.006216893 1.554233 0.005105877 -0.006216601 0.999967694 1.464642
0.999977648 0.000881046 -0.006632825 -1.217004 -0.000826944 0.999966443 0.008155054 1.752995 0.006639787 -0.008149387 0.999944746 1.7382630000000001
0.999965489 0.001217356 -0.008207267 -1.423032 -0.001133982 0.999947727 0.010155648 1.908169 0.008219201 -0.010145992 0.999914765 2.0237480000000003
0.999953389 0.001864198 -0.009472417 -1.671252 -0.001741376 0.999914527 0.012958056 2.012187 0.009495762 -0.012940956 0.999871135 2.246008
0.999939382 0.00189651 -0.010845845 -1.95602 -0.001736889 0.999890327 0.014707796 2.241361 0.01087255 -0.014688066 0.999832988 2.415815
0.999919593 0.002466004 -0.012440883 -2.282514 -0.002256106 0.99985534 0.016857484 2.4054800000000003 0.012480655 -0.01682806 0.999780476 2.510325
0.999879718 0.003439702 -0.015117804 -2.528368 -0.003156032 0.999819279 0.018747954 2.5159890000000003 0.015179559 -0.018697988 0.999709964 2.6114290000000002
0.999798179 0.005789787 -0.019237248 -3.099255 -0.005362831 0.999739707 0.022172211 2.7475780000000003 0.019360615 -0.022064568 0.999569058 2.634751
0.9996472 0.00865766 -0.025108529 -3.6539099999999998 -0.008038286 0.999663472 0.024664748 2.977828 0.02531362 -0.024454217 0.99938041 2.459002
0.999571264 0.009650118 -0.02764108 -3.9520249999999995 -0.008952749 0.99964118 0.025243042 3.113257 0.02787476 -0.02498476 0.999299109 2.367638
0.99951297 0.01025019 -0.029472141 -4.360327 -0.009477518 0.999610841 0.026238216 3.163395 0.029729614 -0.025946118 0.999221146 2.186053
0.999400377 0.01210578 -0.032438792 -4.717898 -0.011222662 0.999565125 0.027269237 3.21435 0.032754801 -0.02688884 0.999101579 1.930637
0.999258041 0.014195513 -0.035800695 -4.982608 -0.013205243 0.999527812 0.027747065 3.351905 0.036177669 -0.027253723 0.998973668 1.7033829999999999
0.999114931 0.015748579 -0.03900414 -5.22417 -0.014632802 0.999480128 0.028728817 3.410193 0.039436296 -0.028132653 0.998825967 1.5221390000000001
0.998968065 0.0167326 -0.0422231 -5.514276000000001 -0.015526347 0.999466419 0.028736575 3.475263 0.042681407 -0.028051354 0.998694777 1.359909
0.998821497 0.018626604 -0.044817258 -5.886559 -0.017352309 0.999438703 0.028656144 3.604254 0.045325864 -0.027844688 0.998584092 1.120669
0.998688161 0.020326814 -0.046996716 -6.258445 -0.018913249 0.999360979 0.030329522 3.642077 0.047583189 -0.029400878 0.998434424 0.918045
0.998570025 0.021420533 -0.048978396 -6.690947 -0.019909911 0.999317169 0.031125275 3.6785720000000004 0.049611673 -0.030105613 0.998314679 0.770637
0.998382151 0.022160824 -0.052363664 -7.034203 -0.020526821 0.999291718 0.031539299 3.732065 0.053025514 -0.030413421 0.998129904 0.587089
0.998191059 0.022774462 -0.055640806 -7.341584 -0.021065302 0.999293864 0.031113572 3.895723 0.056310114 -0.029885201 0.997965932 0.48029499999999997
0.998046935 0.022600191 -0.058237504 -7.7317979999999995 -0.020756908 0.99927032 0.032064047 3.9476729999999995 0.058919661 -0.030792596 0.997787654 0.40549
0.997813702 0.023690071 -0.061696824 -8.096344 -0.021682665 0.999219894 0.033005424 3.9834509999999996 0.062430598 -0.031595517 0.997549057 0.34565300000000004
0.997518063 0.024613352 -0.065969393 -8.321039 -0.022508485 0.999219477 0.032462426 4.174204 0.066716909 -0.030896982 0.997293413 0.341797
0.997368217 0.024832491 -0.068116456 -8.707525 -0.022558594 0.999168873 0.033951074 4.1782520000000005 0.06890294 -0.032325115 0.997099459 0.381742
0.997211635 0.024103954 -0.070624761 -9.143259 -0.021713108 0.999171376 0.03442724 4.236319 0.071396075 -0.032797765 0.996908665 0.363084
0.996953666 0.024478845 -0.07405521 -9.434678 -0.022057833 0.999200761 0.033335179 4.4616489999999995 0.074812032 -0.031600129 0.99669683 0.412621
0.996714175 0.024410997 -0.077232994 -9.696305 -0.021714026 0.999131322 0.035569176 4.429833 0.0780342 -0.033775266 0.996378362 0.482207
0.996489704 0.024701208 -0.079988033 -9.985911 -0.021863265 0.999106765 0.03616317 4.484706 0.080809854 -0.034287434 0.996139586 0.674724
0.996244669 0.025426688 -0.082764968 -10.212295 -0.022475775 0.999084711 0.036392741 4.592293 0.083614565 -0.03439587 0.995904386 0.84091
0.996080458 0.025708245 -0.084633112 -10.439496 -0.022603739 0.999043226 0.037438147 4.683274 0.085514612 -0.035378385 0.995708585 1.0050700000000001
0.995879591 0.026504237 -0.086725421 -10.686081 -0.023302753 0.999016464 0.037721816 4.826517 0.08763992 -0.035545446 0.99551791 1.229874
0.995669365 0.027417041 -0.088829823 -10.928510000000001 -0.023996463 0.998937368 0.039348979 4.850437 0.089814268 -0.037046965 0.995269299 1.4185079999999999
0.995466769 0.028427778 -0.090761997 -11.115629 -0.024876906 0.998889208 0.040017545 4.9515649999999996 0.091798797 -0.037578259 0.995068312 1.669729
0.995344162 0.028815158 -0.091976419 -11.317682000000001 -0.025097745 0.998830557 0.041321129 5.001977 0.093059547 -0.038820341 0.994903505 1.924338
0.995174408 0.030023344 -0.093415685 -11.500605 -0.026261257 0.998803914 0.041244715 5.189735 0.094542257 -0.038592469 0.994772613 2.1614440000000004
0.995003641 0.030655919 -0.095015988 -11.619439999999999 -0.026733119 0.998747766 0.042287447 5.317615 0.096193373 -0.039536085 0.994577169 2.418978
0.994918048 0.030992799 -0.095799148 -11.803117 -0.026919754 0.998689771 0.043520652 5.407056000000001 0.097022459 -0.040720589 0.994448841 2.7303520000000003
0.994875968 0.030938271 -0.096252903 -12.030626000000002 -0.026776453 0.998662353 0.044233859 5.478548 0.09749268 -0.041429888 0.9943735 2.992703
0.994695485 0.029614953 -0.098508522 -12.07919 -0.02531717 0.998684227 0.044596326 5.592281 0.099699631 -0.041865803 0.994136453 3.2429360000000003
0.994750977 0.027735893 -0.098494135 -12.317391 -0.023376441 0.998706937 0.045142718 5.6856420000000005 0.099618852 -0.042603318 0.994113207 3.4835320000000003
0.994668007 0.026177712 -0.099750631 -12.450393 -0.021659266 0.998701274 0.046114352 5.7218 0.100828253 -0.043707941 0.993943334 3.758048
0.99463284 0.023943637 -0.100658782 -12.58979 -0.01929724 0.99871403 0.046882927 5.758857 0.101651885 -0.044688862 0.993815839 4.030881
0.994520545 0.021956531 -0.102210119 -12.672941 -0.017196756 0.998736441 0.04721909 5.830204 0.103117742 -0.045202665 0.993641555 4.274061
0.994510531 0.019993367 -0.102707826 -12.847111 -0.015088713 0.998718381 0.04831041 5.837001 0.103542082 -0.04649549 0.993537724 4.495095
0.994616985 0.018247062 -0.102000326 -13.159209 -0.013244689 0.998685956 0.049506649 5.821232 0.102769651 -0.047889192 0.993551791 4.721588
0.994515359 0.015045947 -0.103503451 -13.280907 -0.010096809 0.99878788 0.048175018 5.970412 0.104102843 -0.046865739 0.993461788 5.037825
0.994452059 0.012069611 -0.104495868 -13.476297 -0.006828038 0.998707056 0.050373763 5.8563030000000005 0.104968756 -0.049380787 0.993248761 5.255914000000001
0.994369924 0.009045516 -0.105577365 -13.663608 -0.003836991 0.998770118 0.049432989 5.960233 0.105894655 -0.048749581 0.993181646 5.508189
0.994187593 0.006075663 -0.1074894 -13.809783000000001 -0.000832304 0.998810232 0.048758004 6.054447 0.107657753 -0.048385136 0.993009865 5.782169000000001
0.994080424 0.003444057 -0.108592324 -14.036131000000001 0.001879133 0.99880296 0.048879553 6.086339 0.108630665 -0.048794262 0.992883921 5.9992090000000005
0.993725121 -0.003252726 -0.111801609 -14.50038 0.008931411 0.998692811 0.050329287 5.988816 0.11149174 -0.051012028 0.992455184 6.386631
0.993559539 -0.007396672 -0.11306946 -14.812857000000001 0.013090477 0.998678565 0.0496975 6.000074000000001 0.112552449 -0.050857555 0.992343366 6.570993
0.993352294 -0.011825671 -0.114504732 -15.159051999999999 0.017710038 0.998566568 0.050509587 5.866129 0.113743275 -0.052201699 0.99213779 6.734081000000001
0.993005812 -0.016659884 -0.116884172 -15.471336 0.022678399 0.998474061 0.050351739 5.753348 0.115866944 -0.052650318 0.991868317 6.884405
0.992603004 -0.021953685 -0.119403303 -15.776973 0.028137116 0.998335361 0.050349094 5.59006 0.118099175 -0.05333633 0.991568327 7.010152000000001
0.992170334 -0.02705694 -0.12192557 -16.095895 0.033433426 0.998161376 0.050559178 5.366114 0.120333411 -0.054239705 0.991250694 7.109256
0.991739869 -0.033005748 -0.123946249 -16.549228 0.039242219 0.998065829 0.048215806 5.282399 0.122115113 -0.052681457 0.991116822 7.241516
0.991211474 -0.037755948 -0.126783863 -16.986171000000002 0.044365045 0.997777641 0.049715366 4.928941 0.12462505 -0.054903217 0.990683734 7.253767000000001
0.990580916 -0.043955747 -0.129681811 -17.485404 0.050735403 0.997487366 0.049445733 4.580866 0.127182543 -0.055559453 0.990322053 7.409904999999999
0.989812672 -0.048359096 -0.133911416 -17.869618 0.055160295 0.997344494 0.047551416 4.280901999999999 0.131256282 -0.054453589 0.989851832 7.599549
0.989319146 -0.052607648 -0.135941282 -18.367751000000002 0.05929967 0.997195721 0.045653377 3.9908849999999996 0.133158341 -0.053227033 0.989664555 7.663684
0.988608956 -0.056566909 -0.139472499 -18.814566000000003 0.06314905 0.99706769 0.043224782 3.7535279999999998 0.136618435 -0.051539969 0.989282131 7.676163
0.987954497 -0.061869245 -0.141838402 -19.340539 0.0683892 0.996792674 0.041558605 3.452518 0.138812304 -0.050758228 0.989017129 7.73904
0.986954153 -0.067671418 -0.146090031 -19.670539 0.073859982 0.996568739 0.037354968 3.3143589999999996 0.143060923 -0.047657847 0.988565862 7.8501520000000005
0.986170352 -0.073501833 -0.148544922 -20.100992 0.079710454 0.996157706 0.036276326 3.0014 0.145307824 -0.047615226 0.988240123 7.946547999999999
0.985226333 -0.07929384 -0.151794776 -20.5821 0.085700057 0.995665729 0.036126357 2.62335 0.148272291 -0.048601463 0.987751663 8.039169000000001
0.984565735 -0.084461659 -0.153285787 -21.189978 0.090750918 0.995276034 0.03449494 2.407995 0.14964819 -0.04787337 0.987579703 8.085132999999999
0.983356297 -0.090803005 -0.157369837 -21.539371000000003 0.096800275 0.994825363 0.030857509 2.3830549999999997 0.153753549 -0.045577377 0.987057507 8.223319
0.98215735 -0.098539881 -0.160177901 -21.900611 0.104572535 0.99407506 0.02965864 2.207281 0.156306267 -0.045879658 0.98664254 8.301158
0.981167674 -0.105457015 -0.16182977 -22.398435000000003 0.111497574 0.993350625 0.028684523 2.015234 0.157728702 -0.046187948 0.986401677 8.360037
0.97981149 -0.112015709 -0.165595934 -22.711880999999998 0.117842779 0.992698073 0.025761068 1.99914 0.16150111 -0.044755273 0.985857189 8.49866
0.978618503 -0.119719289 -0.167251498 -23.123365 0.125405386 0.99181962 0.023821026 1.923616 0.163031474 -0.044285934 0.9856264 8.627315
0.97700882 -0.129994735 -0.168983072 -23.538142 0.135868564 0.990445137 0.023624258 1.7136580000000001 0.164297447 -0.046040591 0.985335767 8.793225999999999
0.975172758 -0.138569191 -0.172733426 -23.756154000000002 0.144471243 0.989264071 0.02201594 1.639308 0.167828232 -0.046424352 0.984722555 9.022301
0.973713577 -0.146495596 -0.174416289 -24.088971 0.152600437 0.988041997 0.022046806 1.494957 0.169100836 -0.048083272 0.984425187 9.23837
0.972191393 -0.154247522 -0.17621465 -24.380967 0.160266906 0.986863673 0.020366244 1.4624620000000002 0.170758381 -0.048041262 0.984140992 9.451002
0.970235586 -0.163382992 -0.178742662 -24.544318999999998 0.169776037 0.985259593 0.020969225 1.280651 0.172681883 -0.050691307 0.98367238 9.699703000000001
0.96810776 -0.172329143 -0.181851938 -24.6344 0.178448051 0.983789861 0.017713681 1.3173169999999998 0.175851524 -0.049599875 0.983166337 10.044592
0.96668762 -0.181188926 -0.180791855 -25.026356999999997 0.187385082 0.982127905 0.01765655 1.094002 0.174361512 -0.050946072 0.983362854 10.273789
0.964455783 -0.190601692 -0.183019236 -25.134414 0.19669573 0.980340958 0.015570563 1.0534080000000001 0.176453486 -0.051016223 0.982986033 10.583205
0.96194303 -0.19954662 -0.18667306 -25.029577 0.205472723 0.978579819 0.012753711 1.08982 0.180129498 -0.050624561 0.982339323 10.922239000000001
0.960342526 -0.206621394 -0.187216341 -25.076132 0.211888507 0.977258205 0.008349168 1.2227430000000001 0.181233555 -0.04768705 0.982283175 11.29273
0.959103405 -0.213810802 -0.185487762 -25.279937 0.218732163 0.97576499 0.006241158 1.1935120000000001 0.17965804 -0.046558045 0.982626736 11.617595
0.957126141 -0.221124232 -0.187119156 -25.149753 0.22608906 0.974092007 0.005346327 1.0676329999999998 0.181089059 -0.047422703 0.982322633 11.915481999999999
0.955498815 -0.226697773 -0.188759938 -25.030153 0.231774151 0.972756922 0.004969623 0.932365 0.182490945 -0.048498135 0.982010663 12.255671
0.953414083 -0.234858349 -0.189322874 -24.958946 0.239514172 0.970891297 0.001765589 0.849502 0.183397248 -0.047028847 0.981913328 12.777534
0.952214479 -0.239405707 -0.189664468 -24.821101000000002 0.243412897 0.969920218 -0.00223124 0.974279 0.184493572 -0.044042151 0.981846392 13.097733
0.951293945 -0.245233297 -0.186816975 -24.817764999999998 0.249454588 0.968386114 -0.000941403 0.680001 0.181141824 -0.045706809 0.982394278 13.471860000000001
0.950351954 -0.250504822 -0.184603348 -24.732661 0.254926175 0.966960549 0.000224065 0.43181699999999995 0.178448007 -0.047273166 0.98281312 13.718983
0.949772179 -0.254273117 -0.182423174 -24.608711 0.258736312 0.965947747 0.000690597 0.231549 0.176035643 -0.047855403 0.983219862 13.950834
0.947409868 -0.263825297 -0.181137383 -24.29804 0.268257618 0.963347316 -2.9971e-05 -0.003978 0.174506098 -0.048563085 0.983457804 14.276792
0.94777137 -0.263521492 -0.179682851 -24.387352 0.268214226 0.963357508 0.00189437 -0.049718 0.172599569 -0.049988925 0.983722806 14.170095
0.947596848 -0.263711363 -0.180323184 -24.360871 0.268788815 0.963191271 0.003876152 -0.060667 0.172663525 -0.05214189 0.983599722 14.168455999999999
0.947518706 -0.263313204 -0.181313336 -24.270974000000002 0.26834318 0.963317573 0.003341979 0.063862 0.173782334 -0.051820777 0.983419716 14.17492
0.94716543 -0.263850331 -0.182375282 -24.181299 0.268765211 0.963203013 0.00232316 0.264144 0.175051436 -0.051216546 0.98322624 14.207054
0.947583795 -0.263523132 -0.180666789 -24.288688 0.268680692 0.963219941 0.004243979 0.330555 0.172903463 -0.052563205 0.98353523 14.136965
0.947266161 -0.2638008 -0.181923017 -24.17841 0.268786609 0.963195503 0.002862384 0.572211 0.174472317 -0.051609911 0.983308613 14.221209
0.948312104 -0.260155588 -0.18172273 -24.124194000000003 0.265262157 0.964168251 0.003948629 0.72644 0.174184024 -0.051948693 0.983341873 14.207812
0.949359596 -0.255869269 -0.182338655 -23.975476999999998 0.260751456 0.965401649 0.002908365 1.042615 0.175285861 -0.050306153 0.983231485 14.291333999999999
0.951511323 -0.249725446 -0.179620698 -24.047646999999998 0.254497379 0.967066586 0.00365191 1.285753 0.172793195 -0.049187824 0.983729124 14.334596999999999
0.952783942 -0.243359238 -0.181601703 -23.789726 0.248387024 0.968647301 0.005120283 1.527472 0.174661934 -0.049986023 0.98335892 14.431788
0.954648435 -0.237320751 -0.179792076 -23.819087 0.241842195 0.970309794 0.003335036 2.018008 0.173662543 -0.046665102 0.983698964 14.478283999999999
0.956393838 -0.230001956 -0.180028126 -23.627011 0.234501019 0.972108364 0.003824506 2.3762000000000003 0.174127176 -0.045874514 0.983654022 14.568802
0.958722234 -0.221258536 -0.178595543 -23.522365999999998 0.225894481 0.974134564 0.005792435 2.6711769999999997 0.17269446 -0.045897078 0.983905554 14.661145000000001
0.960890889 -0.211528733 -0.178730056 -23.299051000000002 0.216675594 0.976196885 0.009555846 2.894803 0.172454372 -0.047908567 0.983851731 14.799767000000001
0.963031232 -0.202266604 -0.177930504 -23.137117 0.20745495 0.978184342 0.010855651 3.2403459999999997 0.17185308 -0.047366891 0.983983159 14.961566000000001
0.964820325 -0.192913398 -0.178623199 -22.828445 0.197921231 0.980161965 0.010480515 3.740399 0.173057809 -0.045465138 0.983861744 15.175289
0.966989815 -0.183036536 -0.177280903 -22.554254 0.188061386 0.982086122 0.01182189 4.1074600000000006 0.171941251 -0.044771336 0.984089375 15.223672
0.969700456 -0.172766045 -0.172722161 -22.524784999999998 0.177965522 0.983922958 0.014965013 4.350168 0.167359814 -0.045250174 0.984856904 15.326539
0.972391784 -0.160536483 -0.169358596 -22.371257 0.165997982 0.985952437 0.018503431 4.596013 0.164009035 -0.046105765 0.985380828 15.384007
0.974576414 -0.147939026 -0.168270156 -22.052348 0.153938472 0.987810135 0.02311244 4.766672 0.162799716 -0.048428088 0.985469997 15.476861999999999
0.976410866 -0.135809779 -0.167861819 -21.709083 0.141496286 0.989686728 0.022335999 5.233893 0.163097158 -0.045560934 0.985557437 15.664603999999999
0.978342056 -0.124303743 -0.16551584 -21.44143 0.130141839 0.991183579 0.02486404 5.420368 0.160965905 -0.045866068 0.985893607 15.791828
0.980002284 -0.113098286 -0.163720027 -21.162516 0.118671671 0.9926278 0.024639703 5.724649 0.159726337 -0.043575898 0.986199081 15.963746
0.981466949 -0.103368551 -0.161361843 -20.873316 0.108963035 0.993700743 0.026190769 5.924491 0.157638088 -0.043287843 0.986547709 16.027786
0.982622266 -0.093576431 -0.160302505 -20.523762 0.099097446 0.9947173 0.026782351 6.131152 0.156949446 -0.042202502 0.986704528 16.048118
0.984302461 -0.083631411 -0.155417278 -20.382805 0.089232482 0.99557662 0.029406469 6.1815999999999995 0.152270496 -0.04281313 0.987411141 16.021868
0.984698117 -0.075293183 -0.157164693 -19.823883000000002 0.080857255 0.996294737 0.029305387 6.401553 0.154375881 -0.041564859 0.987137496 16.243168999999998
0.985991299 -0.06880223 -0.151945144 -19.74011 0.074556254 0.996687233 0.032495521 6.354884 0.149205998 -0.04336876 0.98785454 16.234994
0.986831784 -0.060185663 -0.15013589 -19.531133 0.065754972 0.997309446 0.032406405 6.537419 0.147781521 -0.041851856 0.988134146 16.286911
0.987307072 -0.050565492 -0.150559291 -19.088827 0.056106552 0.997886539 0.032782979 6.696478 0.148583382 -0.040814236 0.988057315 16.389033
0.988039851 -0.042745601 -0.148156017 -18.808591999999997 0.048864212 0.998085856 0.037906036 6.534651 0.146252096 -0.044692196 0.988237321 16.39846
0.988853037 -0.034324732 -0.144884288 -18.636798 0.040288635 0.99844873 0.038431033 6.581155 0.143340409 -0.043839835 0.988701999 16.433138
0.989340305 -0.025294902 -0.143408149 -18.330866 0.030968331 0.998817801 0.03746802 6.790264 0.14229089 -0.041509729 0.988954127 16.541304
0.98993814 -0.017260987 -0.140443996 -18.103521 0.022919105 0.998985231 0.038770061 6.896244 0.13963227 -0.041598804 0.989329338 16.573606
0.990273118 -0.008386586 -0.138884589 -17.875047000000002 0.014230852 0.999052107 0.041140575 6.883074000000001 0.138407901 -0.04271685 0.989453733 16.657532999999997
0.990401208 0.00260931 -0.13819769 -17.588116 0.002973137 0.999188364 0.040172838 7.057816 0.138190314 -0.04019811 0.989589632 16.779643
0.990636706 0.013991141 -0.135805592 -17.324652999999998 -0.008499621 0.999125659 0.040932566 7.1483620000000005 0.136259556 -0.039395001 0.989889622 16.876759
0.990866363 0.024855202 -0.13253729 -17.201994000000003 -0.019281214 0.9988814 0.043174904 7.147943000000001 0.133462146 -0.040225074 0.990237296 16.942747
0.990766108 0.03497389 -0.130993754 -17.045097 -0.029513935 0.99862206 0.043393616 7.262983 0.132330894 -0.039126784 0.990433037 16.976361999999998
0.990386665 0.044540331 -0.130959347 -16.732311 -0.039280314 0.99832499 0.042478956 7.497186 0.132632002 -0.036926471 0.990477264 17.102709
0.990286291 0.053063676 -0.128519475 -16.55229 -0.047753468 0.997887135 0.044055264 7.529532000000001 0.130585656 -0.037490077 0.990727961 17.229088
0.99001497 0.062550478 -0.126323625 -16.391393 -0.057075679 0.997286081 0.046507053 7.458941 0.128889799 -0.038832676 0.990898371 17.357464999999998
0.989459693 0.071836457 -0.125733569 -16.176897999999998 -0.066520207 0.996724725 0.045987051 7.599157 0.128625289 -0.03713851 0.990997612 17.500218
0.988978446 0.08209645 -0.123214342 -16.05341 -0.076767251 0.995921791 0.047400985 7.663667 0.12660329 -0.037419725 0.991247356 17.537508
0.988225639 0.091697708 -0.12248107 -15.854114999999998 -0.086406611 0.995110393 0.047845125 7.767138 0.12626946 -0.036698602 0.991316974 17.647697
0.987415493 0.101884998 -0.120954975 -15.670706 -0.096662842 0.994144559 0.048299354 7.835601 0.125167713 -0.035999678 0.991482317 17.771455
0.986572683 0.110877693 -0.119918317 -15.461525 -0.105822779 0.993237913 0.047749829 7.948936 0.124401793 -0.03441859 0.991634846 17.903714
0.985794842 0.120442308 -0.117056817 -15.40006 -0.11545521 0.992127299 0.048514441 7.994395 0.121978447 -0.034310468 0.991939545 18.010374
0.984768331 0.129065707 -0.116504602 -15.242894 -0.12400499 0.991035163 0.049718849 8.014883000000001 0.121877156 -0.034514397 0.991944909 18.095223
0.983189762 0.143126339 -0.113369577 -15.112366999999999 -0.138069332 0.989092648 0.05130874 8.033001 0.119476639 -0.034793369 0.992227256 18.20386
0.980983436 0.160164669 -0.109630123 -14.846569 -0.155256286 0.98650533 0.051988069 7.994621 0.11647734 -0.033978671 0.992612004 18.475960999999998
0.981022716 0.159521535 -0.11021477 -14.805439999999999 -0.15464212 0.986625314 0.051540684 7.983978 0.116962507 -0.033518735 0.992570579 18.522844
0.981196463 0.159281388 -0.10900794 -14.89207 -0.154340133 0.986626625 0.052411437 7.896079 0.115898281 -0.034601618 0.992658198 18.543076
0.98116684 0.159032539 -0.109636873 -14.885304 -0.153989613 0.986645818 0.053077787 7.800516 0.116613828 -0.035195224 0.992553532 18.654788
0.98115766 0.159418285 -0.109157138 -14.934458 -0.154389784 0.986581028 0.05311913 7.735418 0.116160505 -0.035265498 0.992604256 18.837143
0.981007695 0.160320327 -0.109184593 -14.957471 -0.155409843 0.986472905 0.052144766 7.701817 0.116067506 -0.034186065 0.992652833 19.002346
0.981125295 0.15949893 -0.109330975 -14.977589 -0.154661328 0.986627579 0.051439159 7.684735 0.116073444 -0.033558991 0.992673516 19.218052
0.980958641 0.160058677 -0.110006228 -14.988100000000001 -0.155363888 0.986588299 0.050056137 7.708024 0.116542779 -0.032012004 0.992669702 19.475814
0.980924845 0.160005048 -0.110384695 -15.028125 -0.155319169 0.986604571 0.049873363 7.617259000000001 0.116886035 -0.031777166 0.9926368 19.826498
0.980994523 0.159546316 -0.110428877 -15.058824 -0.154901087 0.986689448 0.049493931 7.532451 0.116855569 -0.031447731 0.992650867 20.179763
0.981073022 0.158774748 -0.110844128 -15.122251 -0.154103383 0.986810744 0.049564734 7.4061639999999995 0.117251784 -0.031545162 0.992601097 20.631548
0.981052101 0.158483163 -0.111444451 -15.195498 -0.154044971 0.986925304 0.047421537 7.4452620000000005 0.117502846 -0.029355545 0.992638588 21.036237
0.981360018 0.157671526 -0.109872937 -15.402815 -0.153245285 0.987037241 0.047680877 7.344067 0.115966588 -0.029954597 0.992801309 21.477802
0.981507242 0.156446472 -0.110308863 -15.520731 -0.152345181 0.987314701 0.044728987 7.452037 0.115907229 -0.027096802 0.992890418 21.986112
0.981762469 0.153825313 -0.111714914 -15.640723 -0.149670497 0.987724006 0.044721577 7.389553 0.117222801 -0.027185535 0.992733538 22.510031
0.982110322 0.151576132 -0.111731119 -15.904082 -0.147343248 0.98804915 0.04526354 7.2656659999999995 0.117256701 -0.027990963 0.992707133 23.103271000000003
0.982426345 0.149805874 -0.111339889 -16.243357 -0.145730063 0.988348484 0.043931618 7.236241 0.116623811 -0.026934013 0.992810965 23.668069
0.982873678 0.146864325 -0.111310795 -16.589883999999998 -0.142831191 0.988794029 0.043423772 7.214863 0.116440862 -0.026781434 0.992836535 24.168875
0.983185112 0.14385882 -0.112479925 -16.957818 -0.139635578 0.989197791 0.044605155 7.153602 0.117681727 -0.028148917 0.992652357 24.614295000000002
0.983288109 0.142181844 -0.113704413 -17.377708 -0.137802884 0.989412785 0.045526765 7.093858 0.118973687 -0.029097134 0.99247092 25.028601000000002
0.98313874 0.141284779 -0.11609 -17.747025999999998 -0.136900783 0.989564538 0.044947505 7.114833 0.121228941 -0.028296823 0.992221177 25.516856
0.983160734 0.140326604 -0.11706166 -18.267927999999998 -0.135811225 0.989678502 0.045736324 7.109355000000001 0.122271426 -0.029067872 0.992070913 25.963113
0.983277321 0.138700217 -0.118016571 -18.910121 -0.133907303 0.989847422 0.0476547 7.026906 0.123428114 -0.031054504 0.991867483 26.337533999999998
0.983031273 0.137859702 -0.121013477 -19.469902 -0.132842764 0.989943445 0.048628677 7.006099 0.126500428 -0.031727746 0.991459072 26.642999
0.982560694 0.138078347 -0.124534711 -20.00604 -0.132828489 0.989899337 0.049557496 7.046819 0.130119652 -0.032151487 0.99097687 26.942581
0.981983185 0.139046937 -0.127965093 -20.608567 -0.133342221 0.989696562 0.052158728 6.972105999999999 0.133899108 -0.034155846 0.990406156 27.169269999999997
0.98093462 0.142125964 -0.132542297 -21.152167 -0.136440277 0.989330471 0.051082112 7.099488999999999 0.138388231 -0.0320241 0.989860177 27.417669
0.980211914 0.144567132 -0.135221213 -21.751801 -0.138582841 0.988946676 0.052718341 7.129042 0.1413479 -0.032935809 0.98941195 27.570659
0.979678571 0.145295456 -0.138271883 -22.392459 -0.139076591 0.988825917 0.05367383 7.208749 0.144525394 -0.033352718 0.988938868 27.703689
0.978734672 0.149764329 -0.140175372 -23.124581000000003 -0.142926186 0.988050044 0.05769838 7.088088 0.147141442 -0.036436677 0.98844409 27.77186
0.977644324 0.152364105 -0.144902542 -23.620529 -0.145559609 0.987733781 0.056518573 7.236947 0.151736513 -0.034163106 0.987830341 27.868927000000003
0.976814985 0.154985383 -0.147688821 -24.154111999999998 -0.147970229 0.987323225 0.057425745 7.291790000000001 0.15471673 -0.034240775 0.987365305 27.933170999999998
0.976009667 0.156590551 -0.151276797 -24.614209000000002 -0.149343923 0.987070799 0.058203697 7.337314 0.158435032 -0.034215096 0.986776352 27.960803
0.97503829 0.157483101 -0.156523347 -24.982788 -0.150043815 0.986956894 0.058333848 7.395212 0.163668409 -0.033392373 0.985950053 28.030835
0.97334373 0.159938976 -0.164382368 -25.649445 -0.152234301 0.986609936 0.058528692 7.42591 0.171542287 -0.031943895 0.984658718 28.148528
0.972359836 0.1605784 -0.169502512 -26.168041 -0.152707651 0.986533821 0.0585787 7.31372 0.176626384 -0.031075245 0.983787298 28.317045
0.971086323 0.161147088 -0.176133648 -26.370261 -0.154270977 0.986651242 0.052151039 7.511516 0.182186484 -0.023470843 0.982983768 28.309511
0.970661879 0.160459965 -0.179076403 -26.518486 -0.15393354 0.986822546 0.049856599 7.427539 0.184716627 -0.020828038 0.982571065 28.581973
0.971182942 0.156778172 -0.179511398 -26.519762 -0.150468811 0.987432897 0.048326764 7.065624000000001 0.184832022 -0.019923268 0.982568204 28.699584
0.971729636 0.153320476 -0.179539338 -26.421197 -0.147438034 0.98801291 0.045743335 6.8402519999999996 0.184400573 -0.017979231 0.982686758 28.664868
0.972247362 0.149313599 -0.180112347 -26.036186 -0.144389391 0.988703012 0.040222839 6.67835 0.184083477 -0.013100238 0.982823372 28.886516
0.972766399 0.147569627 -0.178741828 -25.918705 -0.142403916 0.988939583 0.041466117 6.382299 0.182884008 -0.014883311 0.983021855 29.014774
0.973501921 0.145256624 -0.176619768 -25.708096 -0.140442744 0.989299536 0.039525937 6.132485 0.180471241 -0.013673618 0.983485222 29.047265999999997
0.973776937 0.144610539 -0.175631359 -25.530998 -0.140417367 0.989432573 0.036139403 6.121652 0.17900154 -0.010530023 0.983792484 29.055785
0.974338293 0.142746493 -0.174035549 -25.126308 -0.138777032 0.989710867 0.034831997 5.826302999999999 0.177217007 -0.009786013 0.98412317 29.160201999999998
0.974993229 0.142416716 -0.170603812 -25.152115 -0.138173997 0.989733219 0.036551755 5.553136 0.174057841 -0.012064709 0.98466152 29.154629
0.974903584 0.142366126 -0.171157479 -24.961766 -0.138142586 0.989743233 0.036400475 5.386415 0.174584135 -0.011842821 0.98457104 29.176453000000002
0.974803448 0.144161969 -0.170222223 -24.785664 -0.139947444 0.989483476 0.036567621 4.9633769999999995 0.173703745 -0.011824079 0.984727025 29.003939
0.974501073 0.147122219 -0.169418588 -24.751593999999997 -0.143523097 0.989084303 0.033366397 4.904020999999999 0.172478184 -0.008200118 0.984979212 28.886985
0.974382102 0.149560124 -0.167962134 -24.740959 -0.14588891 0.988714457 0.034059703 4.644739 0.171160594 -0.00868336 0.985204875 28.746933
0.974377751 0.150463685 -0.167178333 -24.781251 -0.146910459 0.988582492 0.03349423 4.412024 0.170309246 -0.008075789 0.985357583 28.628329
0.974321604 0.151679322 -0.166405603 -24.889841999999998 -0.148118451 0.988396049 0.033678304 4.124777 0.169582963 -0.008165761 0.985482097 28.477913
0.974064708 0.152995899 -0.166703939 -25.065424 -0.150019407 0.988216162 0.030379796 3.860001 0.169387519 -0.004583059 0.9855389 28.081363000000003
0.973821938 0.154007778 -0.167190045 -25.345422 -0.151352152 0.988066435 0.02858945 3.5853170000000003 0.169597849 -0.002536466 0.985510111 27.665047
0.97343123 0.154686183 -0.168830723 -25.448491999999998 -0.152162239 0.987962544 0.027866326 3.5261910000000003 0.171108976 -0.001436298 0.985251069 27.53209
0.973292649 0.154895276 -0.169436455 -25.639677 -0.1525518 0.987930894 0.026843442 3.477886 0.17154941 -0.000278692 0.98517549 27.405385000000003
0.9726367 0.155635267 -0.172497988 -25.716469 -0.15291205 0.987812698 0.029047698 3.231363 0.174916565 -0.001875839 0.98458153 27.265931000000002
0.972942889 0.156141818 -0.170299381 -26.080905 -0.153631076 0.987734139 0.027905915 3.269829 0.1725678 -0.000987588 0.984997153 26.983203
0.972582698 0.156564131 -0.171960711 -26.260783999999997 -0.154049993 0.987667561 0.027953845 3.361076 0.174216598 -0.000696885 0.984707177 26.766831
0.97202003 0.15721558 -0.174529105 -26.362158 -0.1549685 0.987563431 0.026516568 3.518269 0.176527396 0.001271876 0.984294951 26.606563
0.971983671 0.157572538 -0.174409315 -26.62188 -0.155189469 0.987507164 0.027306095 3.575518 0.176533163 0.000525404 0.984294593 26.429798
0.972129524 0.155994296 -0.17501393 -26.881572 -0.153585926 0.987757921 0.02730744 3.675772 0.177131176 0.000333304 0.984187245 26.304381000000003
0.972124398 0.155875877 -0.175148353 -27.191201000000003 -0.152794376 0.987770855 0.031028003 3.609711 0.17784293 -0.003401396 0.984053075 26.081227
0.971522748 0.155963421 -0.178378686 -27.361995999999998 -0.152603567 0.987753153 0.032490268 3.699698 0.18126142 -0.00434381 0.983425379 25.867077
0.971333981 0.155593306 -0.179724932 -27.592596 -0.152094007 0.987809062 0.033175241 3.851606 0.182695746 -0.004889158 0.983157396 25.574890999999997
0.970714748 0.155899987 -0.182778835 -27.737979 -0.152679607 0.987768769 0.031649422 4.088101 0.185477361 -0.002815958 0.982644558 25.384463
0.970700383 0.154886574 -0.183714107 -28.016208000000002 -0.151406616 0.987923622 0.032908075 4.116131 0.186592504 -0.004128359 0.982428789 25.135227
0.970445156 0.154616475 -0.185283139 -28.334403000000002 -0.150268644 0.987938643 0.037370455 3.9596370000000003 0.188826442 -0.008423732 0.981974363 24.876781
0.970439017 0.15470545 -0.185241058 -28.773099 -0.15023239 0.987918854 0.038031936 4.0341 0.188886881 -0.00907847 0.981956959 24.532117
0.969634295 0.154102758 -0.18989931 -28.916473 -0.14918533 0.98799926 0.040012002 3.997268 0.193786353 -0.010466818 0.980987906 24.278254999999998
0.970129311 0.152946517 -0.188298538 -29.41113 -0.14781104 0.988161027 0.041104794 3.952116 0.192356125 -0.012044371 0.981251299 23.886686
0.970134556 0.149404362 -0.19109486 -29.726844 -0.144127205 0.988696873 0.041303195 3.870187 0.195105731 -0.012527694 0.980702221 23.661995
0.969712615 0.147083685 -0.194997013 -29.957237000000003 -0.142227396 0.989075065 0.038755015 3.9443949999999997 0.198566899 -0.009847319 0.980037928 23.309903
0.969379365 0.14505215 -0.198150128 -30.186083 -0.140086517 0.989373684 0.038929127 3.88157 0.20169124 -0.009978938 0.97939831 22.936591999999997
0.969883919 0.142498434 -0.197533146 -30.70494 -0.137716651 0.98974973 0.037809573 3.844777 0.200896189 -0.009467299 0.979566813 22.556784
0.969487011 0.138978839 -0.201940045 -30.873057999999997 -0.13401331 0.990245879 0.038125314 3.654126 0.205268919 -0.009899335 0.978655457 22.185592
0.969421446 0.134942785 -0.204969585 -31.073323 -0.130214751 0.990815699 0.036446691 3.5774410000000003 0.208005294 -0.008642137 0.978089511 21.830272
0.969650269 0.130401582 -0.206818163 -31.371537999999997 -0.125474468 0.991413236 0.036822297 3.3719230000000002 0.209843963 -0.009754352 0.977686167 21.45054
0.969516873 0.126147196 -0.210057214 -31.654671000000004 -0.121298969 0.991968095 0.035859711 3.243709 0.212893665 -0.009286863 0.977031231 21.020180999999997
0.969486833 0.121440887 -0.212949067 -31.856835 -0.117196038 0.992577136 0.032493323 3.2886830000000002 0.215314388 -0.006545059 0.976522803 20.634093999999997
0.969869971 0.116681509 -0.213863388 -32.125898 -0.112312719 0.993141055 0.032508813 3.101481 0.216189668 -0.007509741 0.976322472 20.285891
0.969430149 0.11279577 -0.217904508 -32.293285999999995 -0.108380169 0.99358958 0.032150272 2.9004489999999996 0.22013405 -0.007550911 0.975440383 19.952295
0.969302773 0.104915097 -0.22236231 -32.701387999999994 -0.100614741 0.994454384 0.030612879 2.691542 0.224340931 -0.007300224 0.974483371 19.296126
0.96899575 0.099960029 -0.225953862 -33.249605 -0.095813252 0.994968891 0.029273504 2.454357 0.227743223 -0.006716527 0.97369802 18.609269
0.968770981 0.096971415 -0.228209198 -33.410598 -0.092963137 0.995268106 0.02827468 2.363207 0.229871154 -0.006176639 0.973201454 18.346203
0.969346464 0.093710378 -0.227124929 -33.839379 -0.088935845 0.995548964 0.031188164 2.083829 0.229036614 -0.010032587 0.973366082 18.030612
0.967454374 0.092587449 -0.235498518 -33.758022 -0.089101732 0.995697975 0.025423767 2.437551 0.236839324 -0.003613006 0.97154212 17.667087000000002
0.967270374 0.091999903 -0.23648262 -34.11869 -0.088794217 0.99575603 0.024193959 2.545711 0.237704873 -0.00240381 0.971334398 17.307915
0.967133284 0.089519687 -0.237990379 -34.470849 -0.086063802 0.995978534 0.024893949 2.497618 0.239261836 -0.003593407 0.970948398 16.984994999999998
0.966825843 0.08757586 -0.239954546 -34.908228 -0.083043486 0.996125221 0.028955163 2.216244 0.241560549 -0.008067938 0.970352173 16.570842
0.966096163 0.086440481 -0.243282065 -35.226636 -0.082317792 0.996238112 0.027081262 2.361619 0.244707793 -0.00613666 0.969577432 16.14763
0.965461612 0.084906839 -0.246322438 -35.557803 -0.080460906 0.996362269 0.028077217 2.378766 0.247810319 -0.007288146 0.968781114 15.659481
0.964530706 0.083907932 -0.250279844 -35.876762 -0.079573728 0.996452212 0.027405078 2.5348940000000004 0.251691431 -0.006517339 0.967785537 15.162639
0.963671327 0.082967527 -0.253877759 -36.154132 -0.078684293 0.99653399 0.026997861 2.702116 0.255237728 -0.006040876 0.96685946 14.65625
0.963074386 0.082024023 -0.256436378 -36.511928 -0.077570379 0.996608794 0.027452407 2.834393 0.25781849 -0.006546844 0.966171145 14.219063
0.962463677 0.081388056 -0.258920103 -36.896463 -0.076896004 0.996661246 0.027447503 3.074982 0.26028955 -0.006507304 0.96550864 13.674088
0.961310625 0.083387285 -0.262542218 -37.228643999999996 -0.07888864 0.996499956 0.027648686 3.422211 0.26392886 -0.005867377 0.964524329 13.089329000000001
0.960055172 0.085164055 -0.266535401 -37.449464 -0.080407485 0.996347845 0.028729431 3.761272 0.268008739 -0.006150398 0.963396907 12.52324
0.958787024 0.08749982 -0.270317167 -37.666641 -0.082128927 0.996135235 0.031139344 4.028141 0.271997124 -0.007655135 0.962267697 12.014876000000001
0.958228469 0.089535534 -0.271627545 -38.091552 -0.083422974 0.995934308 0.033992257 4.310378999999999 0.273566693 -0.009912371 0.961802006 11.396472
0.956927896 0.092284732 -0.275268137 -38.276099 -0.086136937 0.995690405 0.034367137 4.864649 0.277253389 -0.009176116 0.960753083 10.776430999999999
0.955727398 0.0953172 -0.278387904 -38.452402 -0.088476479 0.995388508 0.037064303 5.308437 0.280636966 -0.010792589 0.959753394 10.235334
0.955039859 0.097621888 -0.279944271 -38.802552999999996 -0.090085022 0.995142639 0.03969688 5.734346 0.282459736 -0.012693317 0.959195197 9.692627
0.953645349 0.101906098 -0.283153087 -39.024944999999995 -0.093100123 0.994665325 0.044421118 6.017977 0.28616938 -0.016000405 0.958045483 9.085827
0.952667296 0.107654244 -0.284316093 -39.309948999999996 -0.098423824 0.994052947 0.046599071 6.585919 0.287641793 -0.016409928 0.957597435 8.514398
0.951155603 0.11376638 -0.286984771 -39.470296000000005 -0.103759326 0.993350148 0.049893241 7.066155 0.29075256 -0.017678887 0.956634879 8.032255000000001
0.949409783 0.121970579 -0.289386183 -39.715618 -0.110996671 0.992347181 0.054100171 7.468822 0.293770194 -0.019242324 0.955682337 7.537267
0.946911037 0.132091209 -0.293106437 -39.792214 -0.12043073 0.991051376 0.057562783 7.963680000000001 0.29808709 -0.019207805 0.954345405 7.053926000000001
0.945117235 0.140124187 -0.295158803 -39.946113 -0.127525449 0.989919841 0.061611716 8.459076 0.300816864 -0.020590032 0.953459561 6.630416
0.943455935 0.148364872 -0.296443462 -40.201645 -0.134842858 0.988688231 0.065672986 8.929329 0.302833766 -0.021986285 0.952789783 6.246762
0.941201746 0.157622889 -0.298821568 -40.405944 -0.14317055 0.98723352 0.069801584 9.369753999999999 0.306008995 -0.022914929 0.951752782 5.809424
0.93858999 0.167383745 -0.301714242 -40.501699 -0.151833251 0.985597789 0.074454233 9.817692 0.309831381 -0.024071738 0.95048672 5.417089
0.935654104 0.177909359 -0.30479455 -40.519718000000005 -0.161381871 0.983740687 0.07880415 10.289107000000001 0.313858837 -0.024545101 0.94915235 5.019804
0.934132636 0.18605344 -0.304598391 -40.852234 -0.1696935 0.982278526 0.079580367 11.018056 0.314006627 -0.022650251 0.949150562 4.612852
0.931676567 0.195201308 -0.306390703 -40.997557 -0.178259522 0.980508089 0.082627408 11.574822000000001 0.316547573 -0.022364954 0.948312938 4.262459
0.929190576 0.203445315 -0.308569074 -41.140988 -0.185369521 0.978797734 0.087138399 12.036029000000001 0.319754601 -0.023768878 0.947202206 3.9223529999999998
0.926463485 0.212604567 -0.310587615 -41.340745999999996 -0.193341553 0.976815462 0.091927476 12.48672 0.322930962 -0.02511796 0.946089149 3.609391
0.923666716 0.221231014 -0.312884301 -41.539021000000005 -0.200967312 0.974879622 0.096031547 12.949608 0.326269656 -0.025821624 0.944923997 3.3572889999999997
0.920645237 0.230205879 -0.315305561 -41.729376 -0.208968058 0.972787797 0.100080788 13.435653 0.329764575 -0.026250102 0.943698168 3.171094
0.917993069 0.238106757 -0.317165434 -41.945398000000004 -0.215561539 0.97083658 0.104925707 13.843969 0.332899332 -0.027952394 0.942547917 2.992872
0.914647102 0.247368827 -0.319733173 -42.077817 -0.223189563 0.968457401 0.110800147 14.076659 0.337056428 -0.029981919 0.941006899 2.8065320000000002
0.912031233 0.25420332 -0.321838021 -42.182013 -0.229676858 0.966719925 0.112699382 14.415102000000001 0.339775831 -0.028866608 0.940063298 2.884598
0.90840888 0.26253587 -0.325373918 -42.166095 -0.237072662 0.964499652 0.116348542 14.65981 0.344368726 -0.028554786 0.938400149 3.007199
