1.0 0.0 0.0 0.0 0.0 1.0 0.0 0.0 0.0 0.0 1.0 0.0
1.0 0.0 0.0 0.0 0.0 1.0 0.0 0.0 0.0 0.0 1.0 0.0
0.9999999848707063 -3.583118095170363e-07 -0.00017394958540142285 -0.016664550464262004 5.011558894392318e-07 0.9999996628302347 0.0008211815671843395 -0.08589513043421504 0.00017394923251182865 -0.000821181641936302 0.9999996477011255 -0.011907422137899602
0.9999996702333451 -0.00016260559438402328 0.0007956711749144621 -0.14229160878865124 0.00016285033483882263 0.9999999394510461 -0.0003075348278338718 0.08648010086187209 -0.0007956211198539344 0.00030766430173639225 0.9999996361647889 0.015005863029378223
0.9999993112647033 9.353674791757093e-05 0.0011699234986185614 -0.32799073746399887 -9.123525979481225e-05 0.9999980610729786 -0.0019671111841886336 0.5656975182236981 -0.001170105227405242 0.0019670030910953883 0.9999973808728679 0.10597663758860786
0.9999999909820729 -5.931880169632933e-05 -0.00012048707163918646 -0.44716423078749257 5.9488878780137326e-05 0.9999990012637421 0.0014120667791812076 0.6387533610028437 0.00012040318919512135 -0.001412073934088091 0.9999989957746335 0.364906138559588
0.9999998118481022 -6.738690436706116e-05 -0.0006097235145203922 -0.6080242900472014 6.867775931746874e-05 0.9999977560704728 0.002117342056326409 0.8216059468659693 0.0006095794652171294 -0.0021173835323892603 0.9999975725469795 0.7174094696980726
0.9999992800950507 -0.00040816336517955696 -0.001128366982287464 -0.8250486187163307 0.00041291515119249827 0.9999910350300791 0.004214185633060416 0.9615120140992858 0.0011266367903219213 -0.0042146485190704104 0.9999904836684191 1.0176543412982666
0.9999962271316197 1.317162805820274e-05 -0.0027469162768309747 -1.0520338347262392 -7.890831108863496e-07 0.9999898400393451 0.00450775082067295 1.3224601260045745 0.0027469477426868734 -0.004507731645977184 0.9999860672196906 1.1676862111009323
0.9999911798749395 0.0009689350266546504 -0.004086726958882248 -1.261963875871063 -0.0009435932205732806 0.9999803446695247 0.0061983793407994125 1.65334356770756 0.004092652459765107 -0.006194468462465738 0.9999724389983501 1.304351359829347
0.9999805127182259 0.001849749087805019 -0.005962601118864948 -1.4281778888200323 -0.001795297672768354 0.9999567582577407 0.009124610727833075 1.8491865457199106 0.0059792215259745546 -0.00911372827006042 0.9999405926688639 1.576264655815026
0.9999704197650576 0.0024739643782545504 -0.0072827944600392415 -1.644982100476851 -0.002388685649059013 0.9999287566712863 0.01169511704444759 1.9912915913467404 0.007311208912487052 -0.01167737479352602 0.9999050880669449 1.9034748262958683
0.9999563236688612 0.00267734978702581 -0.008954471105017296 -1.8875427896536277 -0.002549674243039416 0.9998953631200705 0.014239451261759961 2.0890076753416995 0.008991658128902492 -0.01421599835043494 0.9998585177288785 2.2007540861837516
0.9999373627385868 0.0031432954931575165 -0.010741987378604684 -2.160782574193981 -0.0029718304827624246 0.9998685179501526 0.015940986034321706 2.317460122940573 0.010790682229642877 -0.015908064169075108 0.9998152302657768 2.3355682630663344
0.9999202541957596 0.003690965934610527 -0.012077334952573252 -2.5341182380958593 -0.0034816019941937507 0.9998440982891614 0.017310619974106604 2.6419664706917927 0.01213934498402317 -0.01726719105133944 0.9997772153917845 2.383461640025692
0.9998939827865345 0.0044055514041864184 -0.013878555548340013 -2.9191075321882733 -0.004101143465331769 0.9997520542522931 0.02188631171752008 2.6314106933740136 0.013971535690827035 -0.02182707344434342 0.9996641311236937 2.4726696550163743
0.9998436866719417 0.00593339688974365 -0.01665524012461605 -3.181394343456682 -0.0055505663010816195 0.9997214703032197 0.02293846177287616 2.7307877066917627 0.016786704143373 -0.022842430171003777 0.9995981342258896 2.5185109302891266
0.9996951159524536 0.009747324309804269 -0.022686225107087985 -4.115781368688986 -0.00912948085180028 0.999588856294928 0.027180341248317676 3.2180192255349254 0.022941833409441843 -0.026964940938149405 0.999373085609178 2.4662844120520218
0.999470738879376 0.0137275592974636 -0.029492308143810944 -4.792157120450195 -0.01284781740545326 0.9994728684855388 0.029814740468528434 3.4013487485153178 0.029886045436474336 -0.02942004889567987 0.9991202555304031 2.089942104058792
0.9995330710040117 0.013469968986339188 -0.02742626304834871 -4.890904489620154 -0.012661728903920536 0.999486558856039 0.029432962597737596 3.3487514807909142 0.027808642369842144 -0.029071955586496993 0.9991904226962521 2.004113903134694
0.999464126996144 0.014671698202920481 -0.02926089745168152 -5.441785775402757 -0.013753733300345627 0.9994144611147028 0.03133001332769807 3.3250218709705477 0.029703428558642324 -0.030910777839666087 0.9990806925094698 1.7575041131384586
0.9992994924525697 0.016687024406209925 -0.033497277508812734 -5.780113227533874 -0.015646855596831398 0.9993944864289328 0.031077908639144766 3.495737265915037 0.03399559227264275 -0.03053201126551732 0.9989555025095505 1.4352986456355323
0.9991405517942298 0.018781790135277476 -0.036951348008363305 -5.978393523619677 -0.017580848350740398 0.9993150996606592 0.03256140908306299 3.595227243205082 0.03753760156948033 -0.031883788192758736 0.998786439895377 1.1943112704448091
0.999060324463391 0.020887983948591104 -0.03797578451681012 -6.38113375708109 -0.01957128804888662 0.9992054541314418 0.0347192326829066 3.556098173239869 0.03867082578910497 -0.03394337285164367 0.9986753299607614 1.0666630097853802
0.9989445353741074 0.022526282297206338 -0.040029762078637135 -6.869795003115613 -0.021162817273579375 0.9991921291805913 0.034164662278510026 3.6363569688634603 0.040767026029020416 -0.03328146014564446 0.9986142368298764 0.8528331144915517
0.9987996082855048 0.02467986982676149 -0.04231130480210547 -7.289159762448404 -0.023277139274205612 0.999173275220113 0.03333077966570768 3.8708705229563787 0.043098924301330346 -0.032305883539207284 0.9985483526664156 0.5395214154464347
0.9986770215022212 0.025760980003334658 -0.04450369234926319 -7.682201937048564 -0.024159416579824185 0.9990540199303082 0.036157818678885005 3.884103499749828 0.04539305358722412 -0.03503479941944009 0.9983546631912227 0.38130002154274645
0.9985801003159256 0.026319540799750633 -0.046314846702996716 -8.199769386646265 -0.024546048782923685 0.9989588883759378 0.03845296898623249 3.7758637043487266 0.04727869226383239 -0.037261523141171926 0.9981865076983426 0.3232165156698847
0.998402679985272 0.0272313089476853 -0.04950297376136662 -8.595378771921453 -0.02540382270844986 0.9989856903182808 0.03717843906224055 3.9187428887869644 0.050465179976103225 -0.035861488428435326 0.9980817698253317 0.16546232364084087
0.9982526150616441 0.02769460277408845 -0.05219890324300964 -8.937948870827736 -0.025805617828271746 0.9989996315223183 0.03652131304833338 4.150997201495998 0.05315812836329752 -0.03511047130783969 0.9979686709478626 0.09608204261390471
0.9981478282819354 0.028199456128796672 -0.05390457837787023 -9.483181167302215 -0.026124454480880237 0.9989047134120747 0.038818634716009846 4.103859646054747 0.05494020180279916 -0.037338508234511285 0.99779126576087 0.0592998114036724
0.9978863243486673 0.028840530932218326 -0.05823321606654304 -9.845055030410352 -0.026586969502696275 0.9988811523443091 0.03910980112411582 4.171545822691777 0.0592960093983367 -0.03747889095014624 0.9975366238903566 0.026090961748585634
0.9977417267040815 0.02999289569448441 -0.06009886023392874 -10.160909617845656 -0.02774754761172268 0.9988979828646944 0.037853578831822415 4.431702738603793 0.06116796870170459 -0.03610049911984043 0.9974744275259377 0.041960966582457924
0.9977326715297121 0.029278021463869125 -0.06059961733660169 -10.70190215496018 -0.02683185677585026 0.9988072531497829 0.04079365780784638 4.313037821010995 0.06172169492278717 -0.03907516493304452 0.9973282127069829 0.10805531329686151
0.9975114526309792 0.028665583404120964 -0.06441417699647954 -11.145001151394471 -0.02615181611978916 0.9988758953759288 0.0395351508226933 4.406393656789807 0.06547506688556454 -0.03775221801481013 0.9971398024606591 0.12468946353449858
0.9972787887258866 0.028407134110536046 -0.0680297897178206 -11.386044453596103 -0.025872940840215686 0.9989485412912249 0.037847097437122286 4.701939505513453 0.06903338677555666 -0.03598397676414246 0.9969651673586825 0.13255058771104733
0.9971113433732679 0.028311406819853113 -0.07048001958168384 -11.642771374419734 -0.02554555914268542 0.9988794758948721 0.03983989262123757 4.6935775092087795 0.071528968428472 -0.037924357342807476 0.996717286794848 0.33447159336516546
0.9969294954770744 0.0292410105147349 -0.07263982621054338 -11.972959086547675 -0.026358305486403905 0.9988386274907983 0.04033157527523468 4.705352178903237 0.07373480033000854 -0.03829307426119866 0.9965424324552917 0.5394270267875233
0.9967354936022067 0.029820065929395418 -0.07502745805054821 -12.153510306272384 -0.02692384031887618 0.9988637943008176 0.03932209630035287 4.908908701476547 0.07611479892927496 -0.037173701765321705 0.9964058677471787 0.6863996483464563
0.9966177386330758 0.0305241433796156 -0.0762978355710646 -12.372141415410407 -0.02750445211190702 0.9988081855091423 0.04032013980578586 5.068501006439009 0.07743764043352812 -0.03808523638990532 0.9962695050101654 0.8411993969631808
0.9965130747700588 0.03173858421067913 -0.07716446127992757 -12.743018034377474 -0.028522550924783653 0.9986922816782953 0.04242865311251356 5.076304497217551 0.07841017727988471 -0.04007978029506293 0.9961151817487897 1.0738020244191642
0.9962973002696377 0.03207886487725831 -0.07976613256021894 -12.926107807468734 -0.028707958365255984 0.9986602197620984 0.043053671053827576 5.142580053663051 0.08104037636836693 -0.04060433342512934 0.9958833995529609 1.2875587577703629
0.996143393332531 0.0325034769460123 -0.08149763129298872 -13.053172375522522 -0.028985622594861624 0.9986116980169993 0.04398306795108645 5.219071048910965 0.08281409060501814 -0.041451182974936905 0.9957025789999898 1.5335718655515937
0.9960823994099887 0.03352643266932103 -0.08182806302305733 -13.283511350497154 -0.029931466645082058 0.9985487540707989 0.04477156517395822 5.333708430661743 0.08321034124500594 -0.04214693412481086 0.9956403341838653 1.8073073561901698
0.9958533997750076 0.034370793707917555 -0.08422977321850253 -13.374567067879159 -0.030624302154140772 0.9985004993282419 0.04537515794813826 5.508504415260822 0.0856630508102795 -0.042607527282563507 0.9954126985048617 2.0219559109271374
0.9957561629215927 0.034444524033841704 -0.0853418933920721 -13.472410285624383 -0.03048271726192599 0.9984155443562982 0.04729909868108613 5.596906849793387 0.08683586788874298 -0.04449691620546034 0.9952283941368449 2.2620407339401316
0.9957389299055964 0.033949418947185055 -0.0857404246758983 -13.680875948223688 -0.02980884613814529 0.9983480010725688 0.04911925738762754 5.5753396385338965 0.08726635183372398 -0.046354133661931 0.9951059632672675 2.552252473919696
0.9956773970513436 0.03304185506717831 -0.08680297699259913 -13.850413943428753 -0.028892981353306844 0.9983990793199721 0.0486258577461116 5.654689223307472 0.08827070085580839 -0.04590767067437885 0.9950380742181015 2.8138938057427763
0.9956365860162292 0.03082484274857527 -0.08807733905762008 -13.969180195951965 -0.026563409370350004 0.9984380048564607 0.04915216923870294 5.727630479018324 0.08945487056929112 -0.046598063562475686 0.9949002194208485 3.052012203918304
0.9956452526577022 0.028684728494807438 -0.08870015338969736 -14.186699413972615 -0.024239038813151238 0.9984147697669206 0.050797800234618794 5.711094370515169 0.09001666433272927 -0.04842658218830743 0.9947622159490974 3.2866527855771785
0.9955565133227302 0.02627455805627769 -0.09042608240786126 -14.301547706284051 -0.021738638194784676 0.9984729335311552 0.05078614589746654 5.712501531779558 0.09162237930834534 -0.048594738445945244 0.9946074054647084 3.583277585130053
0.9954909000647422 0.023787477843252344 -0.09182605178349329 -14.371197725279531 -0.01920094142281628 0.9985388410424192 0.05051244181520337 5.722342550894157 0.09289344291587869 -0.04852152952570155 0.9944930715875858 3.845044926388331
0.9954918531899979 0.02189977231663348 -0.09228418176925561 -14.53061680930624 -0.01729604802416335 0.9985796247426454 0.05039424343690609 5.7842034211731885 0.09325672605816307 -0.04857090714936209 0.9944566607065348 4.069702727791177
0.9954930841728148 0.019977785901626566 -0.09270602695922363 -14.787993139523001 -0.01527857856484947 0.9985753793040647 0.05112511011995016 5.77351182966666 0.09359532253875334 -0.04947827723565252 0.9943801162938886 4.332102374875138
0.9954057043413496 0.01757929135727301 -0.09411935125188091 -14.947752957401681 -0.012744824089118473 0.9985801829939637 0.05172221563965482 5.715490712669868 0.09489495889475001 -0.05028505391379877 0.9942164553703784 4.570001215469588
0.9953371401083483 0.014060083121556082 -0.09542689130189856 -15.114565780215955 -0.009094027455180351 0.9985912034117197 0.05227721428475497 5.623625295589141 0.09602747620120991 -0.05116563818955759 0.9940627753231048 4.827199060878645
0.9952792741595157 0.010492575928030773 -0.09648353371896323 -15.356762768873796 -0.0054626776566973 0.9986191314434829 0.05224930112337775 5.565662400918449 0.09689853240025313 -0.05147558805353179 0.9939622418649575 5.068658765597402
0.9951411696569873 0.007810951803037104 -0.09814805900092409 -15.54927006077191 -0.002712859165511447 0.9986449959025819 0.05196934244221146 5.561682414189016 0.09842099800787649 -0.05145057036280927 0.993813939306783 5.281700462570147
0.9950658798638825 0.0053659868673581 -0.09907119114884545 -15.794970169126513 -0.00022357743477025227 0.9986551447318851 0.05184449742899131 5.563815099587585 0.09921615162786004 -0.051566540367503653 0.9937288599868063 5.506122283906718
0.9949142416846538 0.002773909246455337 -0.10068742285180061 -16.032058686092295 0.002519643394783216 0.9986225304353517 0.05240890290832656 5.483239239223538 0.10069410653165409 -0.052396060294488976 0.9935367883351884 5.70645222374991
0.9945488523709743 -0.007765318301873035 -0.10398211422761586 -16.989861803955595 0.01329954114782559 0.9985252121536584 0.052635756845943724 5.168334774761815 0.10342002926334795 -0.05373174597161932 0.9931853789811864 6.332204791625565
0.9945022712714472 -0.009237480686371617 -0.10430676577527849 -17.111393882717397 0.014819018858593906 0.9984917970775057 0.05286329396658244 5.049630199149015 0.10366112634926657 -0.05411838984575944 0.9931392504399847 6.306767633966
0.9942833790486774 -0.013764693276873225 -0.10588246014582013 -17.54182986163066 0.019492688274071725 0.9983907034153228 0.053254468711128294 4.782725066983829 0.10497903243689938 -0.05501396688885726 0.9929515930778073 6.475158789363973
0.9940416561526448 -0.018643908570404436 -0.10739455529271018 -18.02453214344215 0.02439791975828665 0.9983220017134771 0.052515925263300206 4.513501952211926 0.10623524530384883 -0.05482322106562825 0.992828528542172 6.647207008257284
0.9936596006961462 -0.024420807368321872 -0.10974617128559583 -18.415221024877738 0.030173852290467575 0.9982391488558547 0.05106995525245865 4.248621341374356 0.10830575507479365 -0.05405761610554433 0.9926467838857158 6.777269084886263
0.993363865793662 -0.028268959312352165 -0.1114858559408396 -18.885187976557845 0.03410812843351992 0.9981251734093365 0.05082099744537681 3.9071495096807363 0.10984018258464301 -0.05428631637878065 0.9924656820987756 6.897206339348628
0.9930999801751356 -0.03301319229579279 -0.11252803433180007 -19.583242609541372 0.03873504158308182 0.9980451044708423 0.04904656965923181 3.619934853111364 0.11068886994497155 -0.05306692544534661 0.9924373408402541 6.964669443382205
0.9924422404547062 -0.039130813682796924 -0.11630640043332939 -20.128418019372337 0.04503998204607052 0.9978013368955682 0.04861987357761393 3.2011632850723264 0.11414814662764146 -0.05349085445135235 0.992022645463062 7.08825485893076
0.991905118115909 -0.04376925439477336 -0.11919936671468771 -20.720159667489877 0.04990288684164909 0.9975529970759814 0.0489665182506743 2.5703222428134307 0.11676445752165637 -0.05451853257791951 0.9916621355407366 7.317109875780931
0.9914059445947164 -0.04605179658159003 -0.12244788709430193 -21.216227874515095 0.05194764091646009 0.9976173038698404 0.04539997381809296 2.195661057008237 0.12006538062849641 -0.05137068279745612 0.9914360076794914 7.446124122479711
0.9909915254237489 -0.04970545735096221 -0.1243590127326318 -21.7978670601633 0.055337470442295325 0.9975734228521318 0.042249619928779035 1.879900836028879 0.1219572093127399 -0.048750728493119705 0.9913373823114057 7.448873192360596
0.9905686252249765 -0.05209997445684108 -0.12672565399905628 -22.445493434694153 0.05765748317336762 0.9975110644400665 0.04058683227051658 1.5512067832754486 0.12429566908788507 -0.04751072490752718 0.9911071171496794 7.455228141536327
0.9897600523104702 -0.05909339219870854 -0.12993463683258746 -22.992869167694774 0.06447332815841744 0.9972111169330031 0.03759226278644031 1.0943369034035553 0.1273508099956338 -0.04558463846162869 0.9908096749274165 7.547283242547817
0.9885887509076284 -0.06587455817306705 -0.13547259562137554 -23.26222739456398 0.07097161642050685 0.9969276628378286 0.03314007741935972 0.7198046170286837 0.1328732901735716 -0.04237661683291793 0.9902266968246418 7.58795033043278
0.9881405572037261 -0.07022198709334757 -0.13655442774865714 -23.84044639396929 0.07534978233630582 0.9966193467905355 0.03274580743659083 0.2670900254885708 0.1337933089170497 -0.042646806814399266 0.9900912081003233 7.703507523041155
0.987294795522664 -0.07453082581613768 -0.140335821289571 -24.452291513442542 0.07958949517847025 0.9963524462851451 0.03077848337458057 -0.0737031853230548 0.13752999306002422 -0.041556693621697505 0.9896254555255408 7.767467853200087
0.9862941128363889 -0.08078891746352068 -0.14386477608972428 -25.01538516182807 0.0854896504134573 0.995978870188224 0.026788240158129684 -0.28642040555293 0.14112208422659828 -0.038720032975931774 0.9892347124873234 7.820352491512276
0.9851047706968452 -0.08748551842941481 -0.14803673468246886 -25.313650484162263 0.09161526581393618 0.9955666801876396 0.021298553237236627 -0.38668701498891994 0.14551712552188864 -0.03454373120110428 0.9887524952254453 7.846705113067575
0.9840090922421878 -0.09598255082132219 -0.15004484770404972 -25.74831438773886 0.10016885147362577 0.9947576235810914 0.020578423694531788 -0.8372741605850645 0.147283086534585 -0.035279176083481335 0.9884650080583071 7.947177700980587
0.9826391989330784 -0.10210552438611363 -0.15490211944962234 -26.129261204685527 0.10621520014991821 0.9941716388339253 0.018468454060261888 -1.1308944502341198 0.15211356276565677 -0.03460078652429657 0.9877571814948402 7.964927906922867
0.9815706549177217 -0.10769366157710575 -0.15786426023804015 -26.508500860309088 0.1113340954980471 0.9936790579240351 0.014375292095502538 -1.1964552231792704 0.15531828155120633 -0.031686039501886754 0.9873561800670818 8.068631185994082
0.9801656387475838 -0.11813400480051212 -0.15912158096350576 -26.906590615397427 0.1214456787756561 0.9925347036697474 0.01121646637414749 -1.570536004394932 0.15660864511658773 -0.03031862333607582 0.9871952762010894 8.306759449568958
0.9780418673172763 -0.1299228326635919 -0.16295448237835436 -27.201905448884705 0.13296290776499559 0.9910899810333478 0.007843127819496627 -1.974067755453056 0.1604835534664114 -0.029337809188554494 0.9866024133453161 8.413279982099539
0.976332040452368 -0.13683369128958983 -0.1674881718635004 -27.34903776264715 0.13952136499800738 0.9902095959402305 0.004329528493035845 -2.105966484391314 0.1652559696204798 -0.027595235747218973 0.9858645786662801 8.513894646534458
0.9749962073060863 -0.14388300496665923 -0.16935193125709064 -27.618304968423974 0.1465586619506762 0.989196342751965 0.0033397744471170294 -2.4052681201456965 0.16704177425413522 -0.028076259862999234 0.9855499831495756 8.732981534811755
0.9732864888748021 -0.15254382528653138 -0.17159193436961337 -27.85238476987773 0.15465274738891022 0.9879682887922276 -0.0010899844089268533 -2.551966114890318 0.16969366016093682 -0.02547629698174585 0.9851675085960133 8.914159472876618
0.9708979575030525 -0.16354150505217194 -0.17496094490389968 -27.850507624646074 0.16531673999871926 0.9862303487049977 -0.004480487630849085 -2.8967033912669122 0.17328453939284674 -0.024573876749199423 0.9845651796549173 9.182278366354646
0.9692720890975903 -0.17135158053089325 -0.17649434309902498 -27.98625708428916 0.17308271165000172 0.9848910474535696 -0.005656816568125282 -3.3691391521812633 0.17479700290415104 -0.025065125081836587 0.9842853993026375 9.492710869951472
0.9677293753643542 -0.18002703544524304 -0.17632391376586315 -28.29243364880182 0.18150027701226784 0.9833593808483533 -0.007872581660719018 -3.7700488827758836 0.1748070522072385 -0.024384310659359133 0.9843007161900659 9.740949855320775
0.9651665520807002 -0.19064258509990073 -0.1791896522991155 -28.26847006666354 0.19129891780456626 0.9814351846374613 -0.013773249523145225 -3.967152868581472 0.17848879738362405 -0.020985306813396276 0.9837181334643003 9.882116501532783
0.9630985542367251 -0.19773355712791546 -0.18259960353918303 -28.032703292407916 0.19797015375314703 0.9800585697369997 -0.017117771701214587 -4.201070779572339 0.1823430641677407 -0.019663170410721888 0.9830383342877889 10.084220467406249
0.9624636420072984 -0.20240691843130776 -0.1808180775950932 -28.107130075342454 0.2024171277795386 0.9791228589804631 -0.018593907695804168 -4.505770952678543 0.18080664864856372 -0.0187047157973655 0.9833407798985085 10.462849803809506
0.9607927591954674 -0.21006886645423195 -0.18096503867927405 -28.08649866562516 0.2095497664725356 0.9775458563834374 -0.02220346907287413 -4.821033808164547 0.18156588129068407 -0.016588249280697482 0.9832388625033749 10.756038483384017
0.9589057796745588 -0.21751393200854427 -0.182174079080705 -27.944057820818408 0.2165904408138804 0.9759373536793101 -0.02519648073574835 -5.136732239972271 0.1832710742446 -0.015296113087985053 0.9829434074602782 10.978098435499321
0.9576528779122836 -0.2213757277506307 -0.18410255997457478 -27.770229041313602 0.22038906594498145 0.9750636464294976 -0.026068084384947537 -5.4010805172096825 0.18528255459759835 -0.015610015197971438 0.9825612970127103 11.142080304912772
0.9558153674793669 -0.23089995443580946 -0.1819400844559011 -27.678773895366795 0.2286311507069472 0.9729316806739693 -0.03364136839272162 -5.850924595160736 0.18478306258068244 -0.009442233976074054 0.9827339741765498 11.827166086075621
0.9552353272083418 -0.23234455308603869 -0.18314332721783122 -27.391693559026685 0.230266594952915 0.9725734980686495 -0.032834221527136824 -5.976211910230309 0.1857491989268287 -0.010807382002691933 0.9825377527567469 11.775699555027117
0.954407282111047 -0.2368010135181382 -0.18174713161472858 -27.154995205982154 0.23448876159603846 0.971509120505386 -0.03442454734632552 -6.41503674069434 0.18472076369091575 -0.009762621145260499 0.9827425556521964 12.235264129772103
0.9529973409746655 -0.24391702322090617 -0.1797235484800607 -26.91593718693711 0.24082620221881237 0.9697777939713611 -0.03916338398168914 -6.675733785894506 0.18384452240977 -0.005959538831622222 0.9829372693497935 12.474173701095228
0.9528155880996056 -0.244963433783685 -0.1792634128407229 -26.667648366666484 0.241996582619295 0.9695097189043105 -0.038581847424169875 -7.0298805937245845 0.18324876281978034 -0.006619747652697266 0.9830442868284344 12.609882428212595
0.949569430860792 -0.25955435170302626 -0.17592451360378458 -26.19970433261635 0.2558512511388801 0.9657225138894104 -0.04381966975891125 -7.837394491573545 0.1812678495083344 -0.003400688038050142 0.9834278835051823 12.87695218405797
0.9511378598678287 -0.2510610549981474 -0.17973624617550374 -26.37521313505636 0.247686599978254 0.9679573517495741 -0.04135109895946169 -7.05446194492271 0.18435867139154646 -0.005187663940579945 0.9828453430858678 12.540664216071368
0.9507788536923983 -0.25142768757707223 -0.18111788782726315 -26.30093829686443 0.24814366241507615 0.9678574213619003 -0.04094795132750392 -6.872605012735075 0.18559174058830247 -0.006010809790123853 0.9826085568480771 12.600737562494144
0.9511012004665358 -0.2511041256490252 -0.17987002127411397 -26.34042178242592 0.24795150923676312 0.9679390060583151 -0.04017623200406526 -6.8990138075626115 0.18419162722100813 -0.006387380752076903 0.9828695975707041 12.537868466564666
0.9513233705323936 -0.25111996330068115 -0.17866899202364844 -26.305674413531314 0.2485319389131184 0.9679130649223171 -0.037096820520967015 -6.867084709517349 0.18225180388398868 -0.009113878677248385 0.9832096506831486 12.510992764080301
0.9507012374717008 -0.25162629269540315 -0.181249457638201 -26.097858095675754 0.2490436870880266 0.9677756124064714 -0.03725058325547729 -6.652408810216063 0.1847820310294689 -0.009724857615397958 0.9827314120109206 12.446197382512644
0.9509494390657957 -0.2508253407812797 -0.18105748469035626 -26.017275627343764 0.24802321359728843 0.9679954353902682 -0.03833174377032219 -6.431453850718801 0.18487739141744103 -0.0084549089619425 0.9827252233748357 12.518553188032604
0.9518629039059754 -0.2471031708656818 -0.18137539832018348 -25.862922099695204 0.244451145844012 0.9689479944186382 -0.03719437333311925 -6.1642968701557255 0.18493417602820023 -0.008933479737457256 0.9827103049610022 12.58292069430023
0.9535185255176303 -0.24001801159169617 -0.18219159038289406 -25.667889670048147 0.23800778008415494 0.970697298006224 -0.03315195714920002 -5.836796825419018 0.18480995133945724 -0.01175201067810563 0.9827040104379968 12.614505033253165
0.9556721462647098 -0.23205969440825566 -0.1812154714282064 -25.561934631468368 0.23051208964684408 0.972611404004098 -0.02985353124529516 -5.364393974890165 0.1831800354308439 -0.013242168716482242 0.9829901930269858 12.664359908284787
0.957589514982451 -0.22536917469529258 -0.17953009745674864 -25.475745422654345 0.2242793679953818 0.9741613595437244 -0.02661598511244743 -4.939312741393418 0.1808897064159795 -0.014777708519140469 0.9833923598664251 12.765859865159573
0.95882081331731 -0.22025131925786817 -0.1793097998289426 -25.284744038466958 0.2193906933876023 0.9753200906314545 -0.024868543695804504 -4.498456365934097 0.18036177977729623 -0.015494424023235748 0.9834782921954834 12.842261825898333
0.9606935907501326 -0.21192539062123883 -0.17931941752539435 -24.974033874812736 0.2115607514642173 0.9771309810476964 -0.02137976418615832 -3.9980178755332556 0.17974947324403265 -0.01739754829840685 0.9835585657100896 12.931251727820133
0.9625785232113856 -0.20407468804312462 -0.17831463302905218 -24.701516380032093 0.20436609133863085 0.9787480748281658 -0.01693241657655997 -3.5355073154207717 0.1779805814215542 -0.02014268403796484 0.9838278228006067 13.059635194728427
0.9650022038683771 -0.19348002020729563 -0.17702041777647345 -24.457484593785257 0.19448662871506323 0.9808339933005822 -0.0118164646604416 -2.980535040187923 0.17591389308471803 -0.023025189827819675 0.9841362420179245 13.186969786521871
0.9670452551165377 -0.18411854409322048 -0.17585174516501337 -24.175482817348865 0.18547050580637028 0.9826098735672488 -0.008861593766091611 -2.367960892738772 0.17442524482573316 -0.024045749918419 0.9843767753651722 13.318217745532545
0.9689193774681292 -0.17523601746471684 -0.17460692469050426 -23.81233339756409 0.1770764174532309 0.9841838561501994 -0.005106826337718937 -1.859662456460932 0.17274021636173462 -0.025970665690740323 0.9846249753966584 13.480323901975948
0.9710817830850089 -0.16548055320137037 -0.17209403555209218 -23.465903289808082 0.16787760772009488 0.9858076419223905 -0.0006339980942975684 -1.3772792577808344 0.16975652973189037 -0.028275070991499507 0.9850803220924704 13.610368413927345
0.9733118914891287 -0.15449481603210902 -0.16969181979416745 -23.110140211811732 0.15753913174569006 0.9875023002857704 0.0045419047892419125 -0.8407552748372238 0.1668693616415709 -0.03115379189610013 0.985486710917921 13.762978972610162
0.9754739110357075 -0.14293777833257648 -0.16739008457505503 -22.736019240691647 0.14667956729499293 0.9891320611937626 0.01014248769886114 -0.3497840689806544 0.1641211547206831 -0.03444643731818126 0.985838571739424 13.88450256321012
0.9776437568767704 -0.1309220191333336 -0.16453604330334787 -22.37890058473267 0.13515908499442356 0.9907137275052146 0.014776057531656908 0.200035357940974 0.16107360548314567 -0.036684261458560005 0.9862603908592746 14.034905122413385
0.9795698268006754 -0.11973805265962773 -0.16157274883770045 -21.998867168344958 0.1246199589146093 0.9919950258246834 0.02038957035332817 0.5988873283261289 0.15783795570714715 -0.04010819722142487 0.986650146837179 14.1939860336023
0.9813289633456942 -0.1083207480347655 -0.15893420413506756 -21.627607756781572 0.11377336080311137 0.9931770649735076 0.02559179521176977 0.917478910158404 0.15507768398587668 -0.04319644841633605 0.986957435137798 14.343974643442717
0.9830725670636071 -0.09735689697572161 -0.15520941497932253 -21.299279617847372 0.10296863974947014 0.9942757480982052 0.0285165911687396 1.3254195382917169 0.1515446703619384 -0.04401558082088843 0.9874699193038151 14.410773914269265
0.9844403248514266 -0.0897053328749888 -0.15109665800473113 -20.961251797737496 0.09561510235931396 0.9948942785749716 0.03229747141173499 1.6256845565986127 0.14742794513669763 -0.04624205566972105 0.9879912313781944 14.478790744124904
0.9855235575731018 -0.08139463834274797 -0.14872199002670963 -20.655074337171726 0.08768825036424344 0.9954881098218512 0.03625181307691725 1.8541823440194412 0.14510026952597002 -0.04876818688816949 0.9882143369386626 14.555395575901247
0.986445803455819 -0.07299605286772376 -0.14695663683593455 -20.232521010737283 0.07935684464936989 0.9961259734754 0.03788847021152344 2.1396739483249108 0.14362161415223004 -0.049036937439101584 0.9884170226755974 14.642128069225322
0.9876936385284454 -0.0655185635808591 -0.14201617596856694 -19.854066655708433 0.07208837092770627 0.9965296996589199 0.041615195237801425 2.320241996251305 0.138796769369548 -0.051340778373452516 0.9889891714718495 14.751306516629832
0.988614693964317 -0.05940928176785207 -0.1382444361182792 -19.672434447620077 0.06629513431065148 0.9967508637794636 0.04574571806863884 2.4366023316604815 0.13507754085918844 -0.05438982252876722 0.9893410964681062 14.832025853681301
0.9891375120352316 -0.049316705369789174 -0.13847326404839308 -19.317544792452882 0.056237441006395966 0.9973331988072186 0.046517102080871155 2.817187712958561 0.13580991316468274 -0.05379919263724657 0.9892731242471764 14.79625442702054
0.9899883759790186 -0.04020364903606805 -0.13530218782637946 -18.866499814214837 0.04723817081312131 0.9976718571549086 0.04918760676526668 3.152959950404218 0.13300966372655246 -0.055086586799772755 0.989582688465239 14.845896365879186
0.9908472698384588 -0.032945847071183185 -0.130905534697464 -18.579094879025746 0.04043645745598852 0.997668268560491 0.05498107688933019 3.1475543273359845 0.12878889999560036 -0.059771206013118854 0.9898690934510724 14.995143666024761
0.9913225248248386 -0.024560766561531337 -0.12913721586286553 -18.294883717237738 0.03185779721388615 0.9979918940407032 0.05474723906934709 3.361789397388172 0.12753326049145478 -0.05838619849713944 0.9901142960756903 15.039315419895363
0.9918021039899885 -0.01595520124907572 -0.12678335093430082 -17.864104487608277 0.02302316902191777 0.9982493991458565 0.054480003607844156 3.792713438377977 0.12569216447025153 -0.05695233672136773 0.9904331936747413 15.009207424975838
0.9923776135293426 -0.008886496490209839 -0.1229133936799848 -17.564038256957154 0.016325316745721984 0.9980860399367819 0.059646801393293446 3.9771135852976474 0.12214809126201401 -0.06119875050545284 0.9906233172793816 15.083867548769826
0.9925876548921869 0.001479105628375413 -0.12152184825028493 -17.31244162949141 0.0062407106254823 0.9979863696119683 0.06312099175076961 4.131059367372825 0.12137051077800641 -0.06341149986596945 0.9905797195573011 15.197354899754476
0.9926813685922471 0.01378838370670659 -0.11997325087107955 -16.901181299751457 -0.006235438059588494 0.9979874566863879 0.06310432321821845 4.504288254815665 0.12060190612931233 -0.061894400161734704 0.9907695309538862 15.280449247251692
0.9929347967475789 0.02507218257705819 -0.11598221876072674 -16.49897904941593 -0.017424800580857835 0.9976351938370579 0.06648606126401299 4.798622648261406 0.11737489396185145 -0.06399535669489897 0.9910235762023656 15.389519649137549
0.9930934726161276 0.03537203353385546 -0.11186676848337256 -16.35746992735292 -0.02747228549271638 0.9970702786150824 0.07138720496166275 4.952283642599069 0.11406414062727827 -0.06782093147481434 0.9911557360358848 15.500322262861744
0.9928563334073153 0.04489568798107184 -0.11054717732118999 -16.15777160117605 -0.03720735519775769 0.9968066113257886 0.07065544803039657 5.326455464708715 0.11336628216610278 -0.06603754097401181 0.9913562070466546 15.502050934170228
0.9925718909750276 0.05279350617176442 -0.10960787814907277 -15.729846211837293 -0.04505657830277191 0.9963933807792223 0.0719036542255573 5.6691636675502926 0.11300861028212182 -0.06643099009825171 0.9913707568597412 15.579925046682888
0.9924661537837718 0.06033866594545564 -0.10663104137895521 -15.39896238499936 -0.05233433185622532 0.9957078667870713 0.0763345382346035 5.749382992124361 0.11077929094736261 -0.07017898125685632 0.9913641406097629 15.786212720524869
0.9920598078803591 0.07095323161139104 -0.10384111185978599 -15.18709956801868 -0.06300710076796724 0.9949680639611225 0.07790158503047749 5.926218276963085 0.10884595923226424 -0.07074030408010383 0.9915383837943169 15.92864532939894
0.9914618434390042 0.0813406324839464 -0.10191719438659613 -14.932911538848993 -0.07357406695114029 0.9942519790893865 0.07778083793001356 6.305856508992057 0.10765811477447032 -0.0696182704750501 0.9917474611710658 15.997056872062963
0.9908342808368201 0.09099511053936873 -0.09983645514791396 -14.657250488665701 -0.08315072575904237 0.9933117840804918 0.08011027657275822 6.610482638967876 0.10645837085132465 -0.0710745345728487 0.9917736767080075 16.06091459428607
0.9900836278199653 0.09987323147105875 -0.09879143464074595 -14.363844800144793 -0.09191833318980994 0.9923807182439038 0.08204590228226316 6.830148323827139 0.10623290425501809 -0.07215156057377822 0.991720082664608 16.17354323649549
0.9892062766729491 0.10955904033340254 -0.09730240938464389 -14.010822436959097 -0.1015934777611339 0.9913266700321325 0.08336785087423126 7.043808693868775 0.1055921752178222 -0.07258271119360071 0.9917570481567248 16.29979997564757
0.9883151676656468 0.11919456149177282 -0.09500413608260606 -13.712100772444542 -0.11127252320035423 0.9901705000982293 0.08473963839807847 7.2791702169955 0.10417079697614522 -0.07317811999494193 0.9918636034311088 16.412696288779234
0.9873157976265093 0.12922291778798997 -0.09224398774707852 -13.540601569380234 -0.12129810304855196 0.9888043040363258 0.0869069532088705 7.490103918251717 0.10244162217550033 -0.07461558709535127 0.9919366049342321 16.516286480827162
0.986513490320742 0.13626253947728922 -0.09068436331794691 -13.377906280482016 -0.1283734401790388 0.9878314725959758 0.08780228701720864 7.660916015152158 0.10154503075867542 -0.07497667693391966 0.9920015648395688 16.588432269291363
0.9842445554599966 0.15437385377750995 -0.08620538450253916 -12.888039752251439 -0.14660450505899814 0.9850748050937824 0.09019283489192446 8.077957269502027 0.09884216784225881 -0.07613370895546366 0.9921864160614738 16.80569377264487
0.9816692221066826 0.17411091721886862 -0.07753016750698033 -12.263053057280509 -0.16669595181595623 0.9815531747261405 0.09362598375021634 8.268900102853971 0.09240128795979545 -0.07898578157002124 0.9925841265571036 17.23002688756896
0.9840033867868466 0.15730039973339546 -0.08362965404522316 -12.706716381276037 -0.149560094232455 0.9844680517291321 0.09194799257088433 7.9161604568202675 0.09679417857076607 -0.07796947715837095 0.9922457596918447 16.974109908771286
0.9839715181192314 0.15778613478273568 -0.08308782823286953 -12.759349162910219 -0.1500455165952376 0.9843525831491092 0.09239228862482407 7.863949708667647 0.09636594045511698 -0.07844442439070116 0.9922500077108578 17.09595531422332
0.9839290720219971 0.15759070424566793 -0.08395684108685438 -12.741118272627833 -0.14982818766292003 0.9844304877868523 0.09191370353418743 7.79310928331878 0.09713441929395605 -0.077857463682551 0.9922213059279332 17.238526538611215
0.9838430242202365 0.1577960672056881 -0.08457721246051911 -12.701000408642956 -0.14995340143238087 0.9843814441133844 0.09223421211294573 7.672869467821159 0.09781043447420901 -0.07806134548964748 0.9921388739729432 17.441175160480412
0.9838223289145325 0.15801256052042081 -0.08441359989338129 -12.65941415896079 -0.15032772311617665 0.9844612688290353 0.09076114718435431 7.628538606806485 0.09744332091983597 -0.07660313892585441 0.9922886466723319 17.65004949902015
0.983859532679568 0.15797643128818184 -0.08404681500798794 -12.693356394145352 -0.15034877028752663 0.9844852098632728 0.09046611981004135 7.59755749787831 0.09703436107155872 -0.07636961907660704 0.992346720684618 17.88457682268884
0.9837967879099196 0.1581761159195461 -0.08440495513134645 -12.715662040202826 -0.1505308208879242 0.9844665627835327 0.09036624770328619 7.511273363569674 0.09738763813198509 -0.07619647704303534 0.9923254228453943 18.19255409805002
0.9837482802937115 0.15802012314610653 -0.08525820605694732 -12.6792879953423 -0.1503085252154 0.9844999043237569 0.09037303599013191 7.3633598025360625 0.09821745398212858 -0.07608928352528369 0.9922518594922685 18.586441101751397
0.9838724076052086 0.1576398679437081 -0.08452666790910053 -12.674574007404319 -0.14997321978718361 0.9845407862877819 0.0904846588239607 7.185312278874293 0.09748394175345337 -0.07634862258425647 0.9923042723528317 19.039987900590162
0.9839672496198834 0.15715488981529607 -0.08432551382953705 -12.719105529691232 -0.1496210824863603 0.984704076511517 0.08928277200668193 7.0587047934452265 0.09706690141898855 -0.07523444894946034 0.9924302465867176 19.481036679258526
0.9839544140881481 0.15703007821385961 -0.08470693910531828 -12.778234396198716 -0.14963000998482137 0.9848518277006564 0.08762270017869399 7.005798959368032 0.0971831832591714 -0.07354204247103602 0.9925457152599 19.884398199306602
0.9840784727180247 0.15606303936307755 -0.08505226203759056 -12.859208817470542 -0.1487020224472907 0.9850515769275916 0.08695458189500735 6.93350629038651 0.09735126117846865 -0.07292268876836693 0.9925749409539512 20.347697094058713
0.9843064015733761 0.15463120142817405 -0.08502999098285949 -12.992020460310162 -0.1473349641156192 0.985314942904088 0.08629525849632856 6.817715052178571 0.0971252602092541 -0.0724130846931547 0.9926343883799772 20.900194234968197
0.9845897575088882 0.15234527937973322 -0.0858715625762944 -13.172597126759975 -0.14499591581073767 0.9856714526198969 0.08618568261825825 6.665666025521238 0.09777112972032868 -0.0724065144920002 0.9925714598215674 21.46854124783071
0.9848387360755803 0.1498900661450002 -0.08732486470700045 -13.373317306614931 -0.14224881314628451 0.9859099797875431 0.08801583331303317 6.391950901308354 0.09928715467532714 -0.07425954367191598 0.9922840223898103 22.06849103747898
0.9851161303255573 0.14793788728320745 -0.08752480379054162 -13.654941733715097 -0.14047090793523473 0.9863338710193742 0.08610121313764256 6.220700332022765 0.09906631009704078 -0.07252500524718004 0.9924343755723287 22.574238436066683
0.9855150334299222 0.14527824970955946 -0.08748913672530201 -14.046307663335549 -0.13795382900000142 0.9868136240565243 0.08466175311587976 6.159708610143268 0.09863498338749051 -0.07136596904507223 0.992561352519023 22.997492083220894
