1.0 1.7976466796033156e-21 -1.1622445800214084e-19 2.7755575615628914e-17 1.0616219478056469e-20 1.0 -2.89166260871921e-19 2.9465928247530884e-37 -7.824730316984291e-20 -5.3865535519720875e-20 1.0 -2.171798939849615e-36
0.9999997936205266 -0.0003608713400406582 -0.0004796641745496268 -0.03150546967686923 0.0003599205291788519 0.9999977962914077 -0.002115217472216885 -0.23831786311696224 0.00048036773447931514 0.002115209439096543 0.999997584370713 -0.13160694598793968
0.9999998446159434 4.828633623026561e-05 -0.00085341175721775 -0.08126908203853983 -5.238944420366565e-05 0.9999934408627036 -0.003751577129950304 -0.4554775597023884 0.0008530906058618534 0.003751890248663848 0.9999934101516523 -0.30446852033594185
0.9999991182902903 0.0002551033316624161 -0.0013507214026150546 -0.14699040258764967 -0.000262016046275374 0.999986865558782 -0.005167407902655958 -0.642976150138363 0.0013492545819622354 0.005168017820076013 0.999985625741761 -0.4829772097248061
0.9999983916229545 0.0004494911739931944 -0.0018966617650216333 -0.21922168360503141 -0.0004633524449550903 0.9999768875718733 -0.006846599532184601 -0.8650731216394487 0.0018933524443634933 0.00684761834956333 0.9999755703262417 -0.625760740798098
0.9999940105827074 -0.0022143469591236003 -0.0025869113382171478 -0.31104391657200287 0.0021922070644410222 0.9999614941884815 -0.008497984209293588 -1.0846668663914671 0.0026054378049187262 0.008492446519567992 0.9999604797024629 -0.611014035502087
0.9999814096637517 -0.005439501295978636 -0.0027437449147490627 -0.36685280392571223 0.005414703833989984 0.9999447059337506 -0.009015872473208179 -1.1941270316737254 0.0027926098329134645 0.00900096738429588 0.9999556622914737 -0.507349379473014
0.9999492819288944 -0.00960266346485341 -0.0031157703468809293 -0.3823997748144251 0.0095712790246606 0.9999061368659407 -0.00984800551926598 -1.2659514537585963 0.003209970930003479 0.009817895026960774 0.9999468260294948 -0.42556532664821484
0.9999151350730738 -0.012624528603915152 -0.003286924076463599 -0.4055800131255627 0.012589557027414268 0.9998680272797796 -0.010306985380464958 -1.3274676665535357 0.0034165387400638173 0.010265000156141759 0.999941923438072 -0.3731212954988921
0.9998749864782244 -0.015456541402705002 -0.0034212097993677254 -0.458334179475751 0.015418486567001299 0.9998237254819695 -0.010760825931627556 -1.4283222132493187 0.0035868209437823016 0.010706745747192983 0.9999372125271939 -0.29753226754377826
0.9997718105954466 -0.020993683424205076 -0.003946327506857861 -0.49447191394760565 0.020945499445257785 0.9997104938948015 -0.0118484426757367 -1.5344937117355355 0.004193715878504593 0.011763279162516257 0.999922059341204 -0.2202927534651687
0.9996962483423287 -0.024286571543756477 -0.0041710507033525844 -0.5247485816662828 0.024233839724411853 0.9996301339918423 -0.01234211212296458 -1.6008421564231727 0.004469120217671074 0.012237648992784421 0.9999152417043415 -0.1763179629191508
0.9995791839495319 -0.028658413703908783 -0.0045038521736949074 -0.569625846414941 0.02859697104264436 0.9995054151261276 -0.013099283590530105 -1.7025528837473982 0.004877009560649624 0.012965159286539395 0.9999040964637315 -0.1147437710063268
0.9994636700892099 -0.03239284356776763 -0.004831709360867935 -0.6486276624671968 0.032322294608133385 0.9993802925636837 -0.013962832114259478 -1.8587963924291244 0.0052809481775582074 0.01379926521689042 0.9998916883336076 -0.005984185844129035
0.999264633725778 -0.03799752019017274 -0.005206584328140233 -0.6973165740013143 0.037916425234289154 0.9991726098687793 -0.01474975536039738 -1.9688705783079228 0.005762920042652306 0.01454143386841063 0.9998784640572393 0.09356857184192838
0.9991199036301135 -0.041575376898919894 -0.005584640011998017 -0.750506883075669 0.04148464081419417 0.9990193357317227 -0.015490820797006047 -2.0656423589693285 0.0062232388941462265 0.015245646017486451 0.999864819523813 0.1670047594841872
0.99891592279366 -0.04616888942042845 -0.005978593532817795 -0.8039815211050494 0.04606695518370152 0.9988073798162291 -0.016188459193186382 -2.1602126318684896 0.0067189296573639855 0.015895524222400596 0.999851360192521 0.2494107403859764
0.9987281324562635 -0.04997183748950212 -0.00667243361390747 -0.8630770864441955 0.04985088165124864 0.9986079640470683 -0.017229332465659906 -2.2615526529295784 0.007524130097109989 0.01687484476435643 0.9998292434927251 0.33567261506887847
0.9985824500630918 -0.0527464270966259 -0.007143120563362142 -0.9268222639219107 0.05261199434175125 0.9984554417265281 -0.017869346950116445 -2.348401400448116 0.008074529660597171 0.017468444496555324 0.9998150942621997 0.40177086519133726
0.9983819371442979 -0.056311900524910995 -0.007907125300194688 -1.0646323458586837 0.056155235485838374 0.99824521101656 -0.018798134137527987 -2.514333075199937 0.008951799233314586 0.018323847953109564 0.999792214491952 0.5081659591056138
0.9981934345893013 -0.059387647398587436 -0.009137862602829403 -1.230917825210984 0.05919341733575404 0.9980417931603889 -0.020234603900925702 -2.7092904409561713 0.010321659871090468 0.01965727826077004 0.9997539872022206 0.6234723902341179
0.9979444804926331 -0.06325702176549043 -0.010259020399493191 -1.3826078090642397 0.063025184717513 0.9977795829078451 -0.02154220771727232 -2.8871606802766974 0.01159895491286041 0.02085154883200182 0.999715787330875 0.731202983159957
0.9976703257992832 -0.06724416042601566 -0.011510748409142305 -1.552291426441399 0.06696581755189714 0.9974901887714296 -0.023017434241942282 -3.087696636126773 0.013029590976579866 0.022193143802401224 0.9996695789296453 0.8371107877680612
0.9974273146982512 -0.07062339498625486 -0.012325048807843552 -1.662856044864369 0.07031210234458533 0.9972361253557358 -0.024028392291828515 -3.225248187776934 0.013988083264833534 0.023100077425703684 0.9996362634258795 0.9020879978027173
0.9971899303830237 -0.07373969805061865 -0.013240139263308083 -1.752236109125083 0.0733907654404039 0.9969873670700063 -0.02511962781048123 -3.3336181215239526 0.015052447112221215 0.02407758454810239 0.9995974870878218 0.9389004487614241
0.996855975335585 -0.07791926210492583 -0.01438103917110716 -1.9416339603497794 0.077518914696072 0.9966374490822476 -0.026549297646229555 -3.568291307608122 0.01640138676532966 0.025351077784158012 0.9995444435969869 1.0426010545519113
0.9965736772088247 -0.08130301386177112 -0.015194233791826179 -2.0178080636862976 0.08086482075714946 0.9963455280659603 -0.027513798639770545 -3.65995304063605 0.017375602956802107 0.026191044458207167 0.9995063403877782 1.0817115667307515
0.9962711227155832 -0.08474830463886372 -0.016164717450945065 -2.148046166202696 0.08426295324005811 0.9960312417695745 -0.02866429255567622 -3.8214060135159738 0.018529679797920376 0.02719570788675875 0.99945860578925 1.1820421381046353
0.9959501985188949 -0.08827662500647349 -0.017035477768815848 -2.2692637698376363 0.08774653878940414 0.9956994890249173 -0.029715135950835227 -3.962064007895332 0.019585414998058243 0.02810025490966486 0.9994133298618666 1.2551790327620114
0.9956760914909607 -0.09119365051646439 -0.017670889457519257 -2.3559804782468485 0.09062869359601244 0.9954174605177095 -0.03050099999678143 -4.069639916132332 0.020371374958302668 0.028767945084418697 0.999378541608353 1.305155331183829
0.9953938445669708 -0.09413111708397015 -0.01818017436623958 -2.4603034388119833 0.09353669337637847 0.9951282437450505 -0.031161581925626628 -4.200042849312793 0.021024962902656985 0.02931757245184128 0.9993492476296977 1.3698406353334953
0.9951772569506501 -0.09638590243029582 -0.01823415808442424 -2.427882159064744 0.09576346725175629 0.9948783189964339 -0.0323622740735525 -4.3123150650423545 0.0212600613289137 0.03046020638789035 0.9993105840291268 1.0573429155506424
0.994904387474249 -0.09916839416412526 -0.018187997141201024 -2.449080996789195 0.09851767788125558 0.9945635203376821 -0.03373416526292654 -4.531473636504822 0.02143446057280109 0.03177056559064208 0.9992655368570669 0.8225660419505373
0.9945165424197019 -0.10296610224927984 -0.01830483628281262 -2.465362660470507 0.1022964615656025 0.9941606821611351 -0.03435993383198952 -4.607963722547006 0.021735782408267252 0.032299141926096245 0.9992425466586322 0.7072311656113512
0.994038434707898 -0.10742240314117796 -0.018649681672184084 -2.5074746971713373 0.1067083643193252 0.9936458679838378 -0.03579385642124778 -4.792143281236992 0.02237625962812018 0.03359054852727158 0.9991852434047696 0.476495836435518
0.9934176888177229 -0.11296848924117125 -0.018972514210581843 -2.5464143810435886 0.11220661594593068 0.992985384165305 -0.03729230174326522 -4.9835113816100325 0.023052293201119248 0.03491799440187239 0.9991250550662325 0.23086400192100287
0.9930417791158787 -0.11619034123748899 -0.019193657975314193 -2.5737291757647283 0.11540193437932901 0.9925900466123969 -0.038056466836691956 -5.081081002239981 0.023473195297350764 0.035576665213827977 0.9990917708335645 0.10794340601447323
0.9926628968484685 -0.11934437247905214 -0.019421869587529308 -2.601979634886664 0.1185282669255566 0.9921915751575499 -0.038821550734889576 -5.178717260730941 0.023903463667552596 0.03623459597862566 0.9990575545987528 -0.011630409731827522
0.9921684171504157 -0.12335894751082911 -0.019606498915893413 -2.624638353983778 0.12251452446805512 0.9916758167926837 -0.03961814519489825 -5.280424866302168 0.024330645028357287 0.036905859312659405 0.9990229319235251 -0.12624912867740032
0.9916040204622035 -0.1277937158365727 -0.01976425360227032 -2.6436885589427006 0.12692010727012842 0.9910873231561237 -0.040473160897724396 -5.38977253141399 0.024760182970960037 0.0376250531694788 0.9989858270684137 -0.24108062061832658
0.9910234538856538 -0.13218715587503985 -0.019974402811188438 -2.6352053594729434 0.13128016670096684 0.9904802433494578 -0.041408920711529025 -5.470192740978789 0.025258002433935143 0.03841524622146586 0.9989425449833389 -0.3713175115447928
0.9904585784152748 -0.136345385152401 -0.020044277046068776 -2.6773489487158693 0.1354126383950915 0.9898896126998673 -0.042215519399974685 -5.613358606497087 0.02559768912482874 0.03909849026078818 0.9989076556786041 -0.4484849358091977
0.9898161066792918 -0.14091083916131603 -0.020210413370808672 -2.6979017193415826 0.13994622396454998 0.9892221402199798 -0.04307240213908847 -5.723505050965143 0.026061932956137533 0.039805547915991384 0.9988682481426095 -0.5385592789423921
0.9890895051258632 -0.14589890453333487 -0.020376684361001936 -2.7186321749395526 0.14490239662685525 0.9884693753494064 -0.04394927739426177 -5.836767676676865 0.026553881775900963 0.04051730587784522 0.9988260520871954 -0.6180667187435722
0.9883356879655801 -0.15090706054109426 -0.020486563946207913 -2.7321976074592533 0.14987905421762981 0.9876879201730607 -0.04482386902593938 -5.949961457362205 0.026998597969257666 0.041230572897885585 0.9987849861787716 -0.6880582276040992
0.9877151636048627 -0.15490840805179418 -0.020555194101191308 -2.7404284796784584 0.1538518975308346 0.9870385461088886 -0.045664866415057015 -6.058854744373569 0.02736261579192223 0.04194155201909824 0.9987461462284177 -0.7492587874386202
0.9870746544173706 -0.15892690787413286 -0.020637624267238995 -2.74834737245708 0.1578421279364084 0.9863707722094522 -0.046464257668037294 -6.166573276318842 0.027740803688519305 0.04260621914820712 0.9987068521004285 -0.790734283079147
0.9864068636424765 -0.16299890655558202 -0.02080084172917541 -2.736997631522855 0.16188231994101107 0.985678470448771 -0.047247422232497456 -6.225199255592142 0.028204088711948256 0.04323804916132403 0.998666701191747 -0.8644077153322383
0.9856970274808716 -0.16722656991874174 -0.020909092727345882 -2.751402872097274 0.16608235019119186 0.9849475196323962 -0.04791634899117497 -6.3125192244645945 0.02860723129255139 0.04375858713486866 0.9986333813667244 -0.8915779006383582
0.9850734270660033 -0.17085902233299982 -0.020915269783520343 -2.786520724106541 0.1696957872835462 0.9843034723911632 -0.04848022984473772 -6.4267266604066196 0.028870282876326387 0.044207399600315174 0.9986055572750248 -0.8852258289223073
0.9844214339785887 -0.17457217517894005 -0.020950245590721676 -2.7912221206085093 0.17338737819986427 0.983630377430349 -0.04907470981920974 -6.505552806381987 0.02917440432070196 0.044677802713524055 0.9985755349232229 -0.89206773114029
0.983797568831328 -0.17805133809918472 -0.02098162896460374 -2.7954931967537493 0.1768461835920112 0.9829864830121591 -0.0496324014366713 -6.579534992105189 0.029461809619108065 0.045117948685181326 0.998547546159063 -0.89551538851854
0.983138844009908 -0.1816475729405476 -0.02102918171580011 -2.80220078320963 0.18042252003905562 0.9823119421628227 -0.050115040867228 -6.643411548131272 0.02976037675814097 0.04547608310974155 0.9985227603400763 -0.8965118410170027
0.982548422876491 -0.184806699967552 -0.02110821169071812 -2.81308307733785 0.18356288937504384 0.9817097648057853 -0.050512358750096104 -6.696486064208864 0.030057193211268096 0.04575616954124154 0.9985011653612808 -0.891218618613895
0.9816238538467758 -0.18962969604962912 -0.021339423027813786 -2.8449081832565235 0.18835344116959807 0.9807700766539373 -0.05112420252987597 -6.779966621691842 0.030623768301196893 0.04616553328651376 0.9984648806616785 -0.8544975341354777
0.9809969625694969 -0.19281178541983274 -0.021658999086569687 -2.85413462938825 0.1915049840836513 0.9801378170465063 -0.05154290209956791 -6.798606966944142 0.031166790985025283 0.04641597224772918 0.998436300003968 -0.823696361293704
0.9803445802475638 -0.19604838956795134 -0.02213656893266104 -2.9547498352564348 0.1946994725609764 0.9794801260243488 -0.052072382769798246 -6.91443499291846 0.031891186836289484 0.04673904088878019 0.9983982774360535 -0.7001510794547973
0.9797202911671061 -0.1990379094144211 -0.02306301306264674 -3.0464579924454203 0.19760650153002543 0.9788375254188546 -0.05318968687636176 -7.030126599441563 0.033161598609771394 0.0475538275886644 0.9983180366963792 -0.6057922744187058
0.9789071674981327 -0.20298888044084495 -0.023152804335536067 -3.05930659782799 0.20152819207328776 0.9780020618590647 -0.05383892782223993 -7.118014912292446 0.03357224985851559 0.048037655692075514 0.9982812477179946 -0.5820458416654662
0.9784021027582792 -0.20535589195546963 -0.023635435427308844 -3.157385944316528 0.2038282634796558 0.9774596701358913 -0.05502142504392797 -7.3125725223152385 0.03440175728287138 0.04901568127753993 0.9982063386067956 -0.6152064928091543
0.9781125065546689 -0.20655369683136723 -0.025135142633557536 -3.357705598365495 0.20489541318643625 0.977147498311142 -0.05658102908610635 -7.52188643247216 0.0362477251864058 0.0501927843229412 0.998082315284537 -0.6018425296838152
0.9780080706875187 -0.20684973589017097 -0.026714710080858066 -3.565901749478162 0.20505348909718582 0.9770242260552744 -0.058116839519347756 -7.721686425602347 0.038122445795663394 0.051360885894164834 0.9979529227791096 -0.695870947947844
0.9779604319076602 -0.20688234524395516 -0.028162029624156128 -3.7513775267392413 0.20496958534088847 0.9769766969493542 -0.059198085349670505 -7.850871233832326 0.03976086359774971 0.052121306540620006 0.9978490494527037 -0.951749466223938
0.9777119508579889 -0.20787476991546244 -0.02944570366948115 -3.9162208516615995 0.2058619985432926 0.9767409321489074 -0.05998257857374158 -7.943573763592285 0.04122983791764015 0.05258400233220622 0.9977651556842281 -1.1510632081047905
0.9765577239338916 -0.21306455753348444 -0.030634460345625593 -4.034791077938752 0.21094105626222165 0.9755944728779331 -0.060989511046965296 -8.027400870119248 0.042881682029552774 0.053098103690925276 0.9976683918402379 -1.3378429662989746
0.9755547889647503 -0.2175648496695816 -0.030957190011397927 -4.111034176944912 0.2154070927264161 0.974599524245356 -0.06128622153001957 -8.10361566082422 0.04350461181099102 0.05311970272288875 0.9976403837967471 -1.3651005129658753
0.9748026923679448 -0.2207981666060485 -0.031747346907162466 -4.21313677009335 0.21856279457981978 0.9738506243690773 -0.06201377109141991 -8.194436058027271 0.04460971174635156 0.05351259005766974 0.9975706466429181 -1.4589811397923438
0.9745528856667034 -0.22166518831259924 -0.03334191156807736 -4.418892760800302 0.219278605563042 0.9735998580467962 -0.06341328597356183 -8.369717526083376 0.04651823343495436 0.054488532465015484 0.9974307698672694 -1.630022823425683
0.9741941671770299 -0.22299401475430983 -0.034921162774470355 -4.633231780931401 0.22044961530864274 0.973238987234886 -0.06487126820766076 -8.544147545389515 0.048452557130799025 0.05549891723082063 0.9972830880539723 -1.7496268960317893
0.9734784276070195 -0.22593724972819518 -0.03594839845295289 -4.758972327303194 0.22328050701728683 0.9725227386803402 -0.06592451247979463 -8.692688885322143 0.04985546315508602 0.056149538313553585 0.9971774339548474 -1.79346312402004
0.9727668045357645 -0.22887869776916575 -0.03660126706182165 -4.845332209495002 0.22614773015113984 0.9718134839404357 -0.06660776969005923 -8.782879112160712 0.050814635283335685 0.056516623965743897 0.99710827710496 -1.8025796480923695
0.971939235364524 -0.23222784973818686 -0.03747943851069693 -4.961682353863649 0.229395007763342 0.9709867945044119 -0.06755240914443623 -8.90798047133367 0.052079570494903894 0.05705950021722952 0.9970122050462019 -1.8087736737594897
0.9712603173634506 -0.2348662149593045 -0.03861948516615325 -5.078051050579013 0.23190047576030817 0.9703056553598279 -0.06877375675459063 -9.029717175710632 0.053625362175762574 0.057841634522243175 0.9968850401846197 -1.8412188028260987
0.9708289369534157 -0.23646353665523442 -0.03970189656973283 -5.264288760206053 0.23336827833596516 0.9698687010135388 -0.06996012804700771 -9.214173904248355 0.05504875184647036 0.058654310442624126 0.9967598954304293 -1.8423920780591043
0.9700279226355151 -0.2395220139351627 -0.040924898231935396 -5.4122669794363185 0.23627264157902278 0.9690629270988566 -0.07136178611660683 -9.402607637462548 0.056751679203293305 0.05955376757688782 0.9966107877843012 -1.9745395142558702
0.9692255842008167 -0.24265671798404354 -0.04146323076979678 -5.479819974923506 0.23932736157027806 0.9682550367596086 -0.07214287512440438 -9.499189572755018 0.05765317442195918 0.05999974407178909 0.9965321847958696 -2.0723069480741523
0.9682872688354347 -0.24631747112465582 -0.041802096467411155 -5.520320348511701 0.24291069989187009 0.9672936287938083 -0.07305900111186736 -9.612036717215759 0.05843080276687296 0.06058811625965364 0.9964513753222672 -2.186035970614668
0.9670381905956534 -0.2511667083520451 -0.041873179003544855 -5.525207530351715 0.2476843356541669 0.9659981639861698 -0.0741699554837275 -9.749714729575457 0.05907859813260368 0.06135391495663549 0.9963670329371234 -2.310417180985765
0.9655009068987539 -0.2570129157673628 -0.04185847119191665 -5.518468847018283 0.2534537282534138 0.9644062465774361 -0.07537835221081204 -9.899869676168034 0.05974194955948736 0.0621689630323156 0.9962761173107817 -2.4388983921258762
0.9643281939643426 -0.2613871969441264 -0.04180924217758637 -5.507898830122749 0.25774757561043393 0.9631655516650954 -0.07667148873258697 -10.061298826820497 0.060310479804214896 0.06316040131700812 0.9961797718755995 -2.557712205177074
0.9628707140815614 -0.26670919389378045 -0.04179686805610343 -5.502579518969909 0.26298649819348113 0.9616465905992208 -0.07794214175736171 -10.220579000241257 0.0609818504577294 0.06405642672840978 0.9960821051892412 -2.6655587385878596
0.9616202861402653 -0.2711715030455213 -0.041863785956017904 -5.5079121253827115 0.2673643556398294 0.9603393496071515 -0.07915182218707403 -10.372328423585634 0.061667486367055206 0.06492133836449836 0.9959833089205007 -2.764392904094838
0.960272175742856 -0.2758845663837273 -0.04201585882414158 -5.49758482952351 0.27198878131621534 0.9589437093896104 -0.08031111053611886 -10.470886847293674 0.0624474667968054 0.06569295403127044 0.9958841203723786 -2.8563440545043646
0.9590140160146291 -0.28021621207813163 -0.04207961946167545 -5.496032669750339 0.27624529773743206 0.9576390232576603 -0.08134009087042011 -10.607475739537461 0.06308997401890185 0.066382180174386 0.9957978128118844 -2.953474637808883
0.9579862356270002 -0.28369911110262724 -0.042158861007703836 -5.502197653854537 0.279660173584174 0.9565698096867851 -0.08224968157519974 -10.725837923488152 0.06366213712589659 0.06700411043938584 0.9957198718867708 -3.006989053290199
0.9569596062469883 -0.2871434177848166 -0.04216052692499387 -5.547187230162469 0.2830507695628632 0.9555079736594275 -0.08299199679528514 -10.845069392981673 0.06411546369468994 0.06748657363553676 0.9956587688238433 -3.0324117669670008
0.9560139035542943 -0.2902647126088052 -0.04223629103446736 -5.546844683873325 0.28608955386762763 0.9545030038412252 -0.08412656745419116 -11.003044274227973 0.06473377891908048 0.06834307744973744 0.9955599398824159 -3.073894374824325
0.9547551800148768 -0.2943688432610879 -0.04231182697792288 -5.55694203048737 0.2901039827729295 0.9531861731656852 -0.08530414256762144 -11.156799444391648 0.06544211774699157 0.0691698713888462 0.9954568273602196 -3.089935193531303
0.9538066414784467 -0.2974317038737954 -0.04228141366938833 -5.5532226170067736 0.2930934870896105 0.9521742374262653 -0.08637734003895801 -11.297384138271456 0.06595074627682002 0.06999518749226975 0.9953653190112743 -3.101525028870383
0.9527342602337406 -0.30084833623042595 -0.04228624939705664 -5.519555934072346 0.29644019687029155 0.9510507672724055 -0.08732946657901264 -11.382490184182803 0.06648932198742968 0.07066663262967797 0.9952819832722052 -3.1306761922675843
0.9514647134304338 -0.3048385096062661 -0.042290530438237335 -5.53014872907813 0.3003634720417293 0.9497366203716543 -0.08822060154752959 -11.48902183848076 0.06705795327604867 0.07123661017716566 0.9952032597723739 -3.122329821749028
0.9501865879900895 -0.30879587680562154 -0.04231328224415424 -5.559850969577197 0.30425176457462505 0.9484146951273059 -0.08911105299544012 -11.659188350987087 0.06764782211220384 0.07179848479336451 0.995122789490981 -3.0894645631914854
0.9489296365395329 -0.31262689308008695 -0.04239630845806009 -5.581924024839516 0.3079996202354794 0.9471081877108514 -0.0901288769210531 -11.784490666089876 0.06833064572382194 0.07246821911247991 0.9950283183231525 -3.059440359679154
0.9477060193471518 -0.31631400168539875 -0.042411359328782164 -5.576302353804493 0.3115997492657128 0.945819940574723 -0.09127177476250874 -11.949121216867926 0.0689842832806004 0.07328369794154901 0.9949226134876082 -3.042005543801812
0.9459907821204238 -0.32140062596489927 -0.042462915421696834 -5.559579704303176 0.3165769113787251 0.9440327173510842 -0.09263951722615692 -12.080458313523085 0.06986081557446144 0.0741936630427849 0.9947944509142558 -3.038765986576845
0.9442598324737291 -0.326443524480036 -0.04252220392516294 -5.5593961159983145 0.3215014651925508 0.9422224081853489 -0.09409731282287874 -12.28509059470706 0.07078293814924988 0.07518162479587413 0.9946548699271139 -3.039255699331674
0.943318330702664 -0.32915478562533923 -0.04252262224040479 -5.594651837615693 0.32415382974032764 0.9412389649857292 -0.09483934185461322 -12.423190940548874 0.07124088530286062 0.07568000872622081 0.9945849647644976 -3.016883705963632
0.9416131759932049 -0.33399413696886177 -0.04258046306884407 -5.603277469892018 0.32884893047808905 0.9394269048306058 -0.09662349840154077 -12.65882663140139 0.07227297346262167 0.0769796405158941 0.9944105339984363 -3.02180046601373
0.939852356239105 -0.33891071366835707 -0.04263041727149154 -5.61773161833563 0.33361202078655516 0.937549522890539 -0.09851065627591504 -12.900116242654892 0.07335461585076097 0.07836368418529985 0.9942226893329844 -3.0182298779710024
0.9388628179734231 -0.3416281823525859 -0.04274501046832531 -5.62620796729201 0.3362467717937026 0.9365132367576208 -0.09940702236515193 -13.025659435903895 0.07399159664260307 0.07895689503160905 0.9941291525530862 -3.040255469362992
0.9372931402443506 -0.34589442201259984 -0.04288273279426166 -5.654217816870879 0.3403465329960645 0.9348242015646115 -0.10133445315806537 -13.26841434954547 0.07513897061123335 0.08038524566720116 0.9939283290399099 -3.0498433643671974
0.9350563867015692 -0.35190185824220754 -0.04283607328584246 -5.639172462594157 0.34619329563864704 0.9324609569516829 -0.10328317499537908 -13.535345084595503 0.07628848199983795 0.08174625623567466 0.9937297757136366 -3.0805177741772245
0.9339318019183143 -0.3548551806846103 -0.043000085676692765 -5.626351552867777 0.3490549586027432 0.9312928903625347 -0.10418582593389425 -13.613762294318711 0.07701660080928063 0.08229339142869009 0.9936283137027463 -3.1151668532806918
0.9324094419215712 -0.35880308641811764 -0.04327527993812289 -5.706302605301783 0.35285382823157985 0.9296936911939707 -0.10565942973066411 -13.835918451560541 0.07814397576001686 0.08324808150261209 0.9934603583622725 -3.1101637958410144
0.9308366166420272 -0.36283622640295327 -0.043512146254502324 -5.737745186291507 0.3567417325143298 0.9280452398838371 -0.10708917698070976 -14.023302367232619 0.07923722697603046 0.08416014340239861 0.9932975270214637 -3.1317671031520393
0.9296303131553565 -0.3658717571740351 -0.043876918903572745 -5.776388509275893 0.3596441068038736 0.92678871376515 -0.1082541742046839 -14.187379442006662 0.08027200323797935 0.0848564601979999 0.9931549530133725 -3.1564038731539577
0.9285088970926202 -0.3686778755117105 -0.044142683953878346 -5.8190726371276025 0.36230006867191333 0.9255834088159719 -0.1097048096490516 -14.370754762817436 0.08130354491214216 0.08586922336414862 0.9929843771532496 -3.1555834481389815
0.9273799955962391 -0.37147984442561155 -0.04437602119735236 -5.850209361079087 0.3650117792043334 0.9244279053096294 -0.11045434450905485 -14.470303944828096 0.08205415342237168 0.08623572962626923 0.9928903172148801 -3.157642743733424
0.9268582949083171 -0.3728167517251392 -0.0440633941990593 -5.809281974040916 0.366204803328901 0.9237127501959128 -0.11246903814981081 -14.725356832550885 0.08263249426788895 0.08810696546095306 0.9926781765197544 -3.244908637263021
0.926247905450437 -0.3744026709486317 -0.043439478346733465 -5.725216929990386 0.3676686131092434 0.9228767276586062 -0.11453466597797926 -14.990780079208056 0.08297167744516411 0.09011639864639397 0.9924691243520117 -3.3203339398542306
0.9250867606508699 -0.37726841812075046 -0.04340123823234324 -5.720179017932685 0.3704529558602467 0.9216535640873035 -0.11541369709021208 -15.104801736199096 0.0835429990078946 0.09068977013691774 0.9923699390739573 -3.3415838624045597
0.9236903484026959 -0.38069397134362754 -0.04321959744541189 -5.696247522512324 0.37379640245078244 0.9201733106142196 -0.11643631992166956 -15.23860842099554 0.08409642150868817 0.09139597835512135 0.9922573664027141 -3.3600331791286147
0.9220766970113855 -0.3845886496916291 -0.04319921097401912 -5.694026894052189 0.37761477642245994 0.9185194088161698 -0.1171738516027314 -15.335063661295775 0.08474338074309441 0.09173077965306166 0.9921721472251482 -3.370925185357218
0.9209253491991153 -0.3873342582113351 -0.04323080732555155 -5.707031233114667 0.3802964559974817 0.9173369116403991 -0.11776322242533013 -15.424124188722036 0.08527099792448435 0.09201074623247972 0.9921010187905815 -3.3650281529189923
0.9201592304096072 -0.38915099936000036 -0.04322772586680445 -5.7065875324376725 0.3819580853910029 0.9164241539911312 -0.11948013449928074 -15.661509135910451 0.08611094529114798 0.09342991275900449 0.9918956883649667 -3.21068118988788
0.9206494058423779 -0.3880851923706308 -0.04235933641522778 -5.5953471363872955 0.3808182378558131 0.916654336850948 -0.12133607359569434 -15.913340588032115 0.08591787438964925 0.09557694587570838 0.9917076234040906 -3.1696621328830368
0.9205259549388104 -0.3884231539491051 -0.041949713689114466 -5.540025964443991 0.38103369347363153 0.9163183727960642 -0.12318552010784561 -16.161758252390037 0.08628768281122119 0.0974116075955764 0.9914974324423638 -3.1726969568655923
0.9200398645831103 -0.38965419266350926 -0.04118368252450758 -5.445154536812121 0.38219872913770114 0.9156216200012726 -0.12474502350932616 -16.35952170351618 0.08631606853767308 0.099030154950893 0.9913340230086768 -3.3105389888457104
0.9192941103486638 -0.3915285581002958 -0.04004516969875719 -5.315168401177748 0.38407942862110883 0.9146792688243149 -0.12587663057417672 -16.51589532054826 0.08591302058514887 0.1003372734897954 0.9912375954906177 -3.4728856384503803
0.9178315623435676 -0.39497727143253664 -0.039730522628603854 -5.273667752961306 0.38751399344605747 0.9131842103295968 -0.12620615780464742 -16.55762610191575 0.08613013268153961 0.10044000656457411 0.9912082143133242 -3.4876954668942908
0.9167481078605615 -0.3975210209150993 -0.039374266462475986 -5.226903894501267 0.3900475936647082 0.9120529263883879 -0.1265822572694555 -16.605919162807137 0.08623066367397395 0.10068623507012982 0.9911751013768507 -3.4987888888370833
0.9155347798903853 -0.40036475638766017 -0.038778848387799464 -5.148893671527368 0.3928834893061491 0.9107478398681378 -0.12720372979403385 -16.687514224152025 0.08624586867695577 0.1012240717046583 0.9911182982937274 -3.5068916421872283
0.9143804346599085 -0.4030553223139166 -0.03814328836033212 -5.040052259620502 0.39556298638757686 0.9094893914082887 -0.12790480822851177 -16.751109283518087 0.08624359530275441 0.10186572391189047 0.9910534792360077 -3.5230272734394514
0.9128512393596586 -0.40655695272044096 -0.037602710196153494 -4.995340435941894 0.3990565048664356 0.9078884746847771 -0.12842341652532988 -16.84814901363669 0.0863508158279182 0.10222600282781867 0.991006152794792 -3.515114789718869
0.9145183414853714 -0.4028793415107386 -0.03666081312134453 -4.872918172368552 0.39542067582696605 0.909353394162537 -0.12930110596792424 -16.948744723807526 0.08543062287649285 0.1037518947467714 0.9909276174398189 -3.71049337151854
0.9170151719154124 -0.3971752966007674 -0.03653566465463882 -4.808056886415338 0.3897332840015886 0.9117580738786155 -0.1296351513483602 -16.922581132833624 0.084799869840088 0.10463831550717004 0.9908885924968336 -3.8881429076528398
0.9189724621857185 -0.3926465532436852 -0.03630984401083908 -4.808246473036232 0.3852460946721151 0.9136495889162926 -0.1297306000456494 -16.95907820876323 0.08411289672800043 0.10523069028693197 0.9908845475763784 -3.9877304720159277
0.9201462509309859 -0.38989403593467326 -0.03624948068086078 -4.796766188765028 0.38251072477939474 0.9147903268977949 -0.12978800831898119 -16.95426402315917 0.08376432770445076 0.10555815898908474 0.9908796812129563 -4.081176187525448
0.9218395961710861 -0.38587478783530327 -0.03623030509086662 -4.7875538027273725 0.3785159331799632 0.9164485477783083 -0.12980105057588373 -16.93254215422287 0.08329019227640484 0.1059419933445054 0.9908785282590821 -4.258288196658256
0.9231896941321136 -0.3826385102226828 -0.03618174072405257 -4.785877848086426 0.37530753136247647 0.9177731904270197 -0.12975926184605135 -16.92538080915511 0.0828576840208315 0.10621334091726183 0.9908856531992833 -4.345928346120262
0.9244953939345302 -0.37945413354101587 -0.036373472401883884 -4.761681608203857 0.37211989768505616 0.9190672588988759 -0.12977863441260487 -16.855289334103958 0.082674944357549 0.1064446464913107 0.9908759837843526 -4.540931872193782
0.9257885553612191 -0.37627794091676553 -0.036471578737453346 -4.813040658972118 0.36897860342873967 0.9203776486395405 -0.129459535276375 -16.850363581316824 0.08228064295877313 0.10639510917033224 0.9909137267908927 -4.615054047854345
0.9275259652072879 -0.3719589286819414 -0.036628720385642154 -4.832604312047383 0.36468201255993704 0.9221120569491222 -0.129291030476807 -16.826404669300448 0.08186703204011839 0.10656319036127777 0.9909299541470264 -4.629415766261854
0.9289297888497725 -0.3684239904122137 -0.03678645600323081 -4.839924661244572 0.36115725701271834 0.9235099769467342 -0.1292092984222157 -16.79958511818343 0.08157678112729796 0.10674082334135386 0.9909348327328334 -4.693249988647042
0.9310534311321251 -0.36301410517025995 -0.036880960149615206 -4.850717078080646 0.35577739585077267 0.92561053097222 -0.12910359310564076 -16.770571874835266 0.08100412978790904 0.10708105812681364 0.9909452445703473 -4.7903861298393835
0.9326358751574978 -0.35891877954977314 -0.03698418166132076 -4.827230364606612 0.3516934841708028 0.9271678119589755 -0.12912018950147308 -16.725324445855666 0.08063434604834449 0.10741511929339269 0.9909395481742997 -4.870266092461586
0.934048950184048 -0.3552238055797195 -0.03699490160647321 -4.826056954817852 0.34802085899916557 0.9285550675808165 -0.12910323104788743 -16.715137880179746 0.08021257006561944 0.1077138256583766 0.9909411545814366 -4.931228926321541
0.9352405162181643 -0.35208252679482227 -0.036922418216222753 -4.848430680941557 0.3449101684780096 0.9297228159254114 -0.1290459146878704 -16.738819755897985 0.07976259819378405 0.10795408760328286 0.9909513249175489 -4.975474886513208
0.936440736484895 -0.3488780518247674 -0.03691676244331825 -4.844643086857591 0.3417252005586377 0.9308979327939715 -0.12904671613004912 -16.729039528058497 0.07938747213219245 0.10822922944765764 0.9909514312343629 -5.0502384308025965
0.9378572210904633 -0.345058712544775 -0.036858587261779034 -4.8422734727350365 0.33793746457193147 0.9322845093080432 -0.1290143688011737 -16.72506905021619 0.07888029356378277 0.10854143870408675 0.9909578919905468 -5.123892195549483
0.9393197677545976 -0.34106149008122255 -0.03682175625683085 -4.859945366728025 0.3339689253706071 0.933714689231675 -0.12900508809682784 -16.740977834047357 0.07837990357558607 0.10887987672295005 0.9909604218811952 -5.200781555496396
0.9408468543691567 -0.3368199425643112 -0.03687373383594696 -4.828150405472509 0.329741378904972 0.9352063965342137 -0.1290744328964697 -16.69694480262816 0.07795956525188155 0.10928055749960187 0.990949532856242 -5.322860786131021
0.9426691053956525 -0.33169406049223654 -0.036793820023569505 -4.819570998937166 0.32465631946446255 0.9369852976203932 -0.1290626162560523 -16.69577262930836 0.0772846839091035 0.10971814922083908 0.9909539067142353 -5.414103085847311
0.9446607919618245 -0.3259703424741563 -0.036865441843725456 -4.783061258891925 0.3189490643417462 0.9389249866746864 -0.1291955746105724 -16.64173261856668 0.07672808090205877 0.11028791039112656 0.9909338743559429 -5.583138385333823
0.9469598663866111 -0.31925331948451885 -0.03666808058410486 -4.794759203428124 0.31229666350542246 0.9411618050340251 -0.1291732107726089 -16.671225749817182 0.07574978711658666 0.11087058290241536 0.9909441456007257 -5.693510197485355
0.949110709944544 -0.31280611158622407 -0.036616216057536614 -4.773605039833058 0.3058849752285733 0.9432469671803949 -0.1293030757754755 -16.657424181428098 0.07498520051438197 0.11152277126357166 0.9909288664259855 -5.852633507683145
0.9512028188642991 -0.306399668068817 -0.03650097127037735 -4.752503193687238 0.29952290522717706 0.9452710333720135 -0.1294165894097135 -16.65126446857684 0.07415681471453935 0.11216861729018161 0.9909182091207819 -6.01259419707916
0.9529544596865698 -0.300925785185421 -0.03634921500238678 -4.735020545390703 0.2940928988397831 0.946960805420628 -0.12951745327091854 -16.653690272683107 0.07339657088810042 0.112734438303347 0.9909108212950548 -6.168817507274564
0.9542826944087165 -0.2966923497912395 -0.03630422394312949 -4.714840813583765 0.2898813772547102 0.9482402717874201 -0.1296500411276418 -16.638944133996 0.07289171884409902 0.11319904328743052 0.990895107515852 -6.335712281827511
0.9553464024494124 -0.29325728594499956 -0.03624187371879791 -4.700876891642121 0.28647029079611686 0.9492674538240162 -0.1297158770036955 -16.627280067318377 0.07244353872066119 0.11354156857862978 0.990888664863912 -6.489082045992373
0.9566204766514955 -0.2890841431720569 -0.03616073772435965 -4.680168245976325 0.28232639692761186 0.9504961812094805 -0.12980407218038664 -16.60213127916676 0.0718952258450676 0.11396441967629618 0.9908803301218148 -6.765212396205074
0.9574281237310734 -0.286402304950122 -0.03612547704860982 -4.6663603990991005 0.27966282242694396 0.9512780223409484 -0.1298430589301995 -16.57369225022375 0.07155297580933305 0.11421259680818475 0.9908766834193926 -7.016828544504953
0.9563741572126377 -0.28991597339475966 -0.03602169645920525 -4.669581538322533 0.28316393720901933 0.9502384683603335 -0.12986854637127473 -16.616600035806332 0.07188034968424988 0.11400307362778216 0.9908773697207128 -6.793152525974247
0.9552645795482116 -0.2935580160768916 -0.035970635622013365 -4.627641417170213 0.28676835005624346 0.9491196968374593 -0.1301413481543574 -16.626021586481066 0.07234462389569016 0.11400432470332891 0.9908436968938831 -6.633846072925355
0.9540391144322465 -0.29753923455220044 -0.03578132251895386 -4.640263880300592 0.2907403857491028 0.9478999826353441 -0.13021670480871209 -16.683857111330425 0.07266182508994319 0.11382892677230812 0.9908401356813555 -6.550447351708294
0.9528425712839308 -0.3013657992300621 -0.035628132087096885 -4.586518231507157 0.29453846711054865 0.9466859068978781 -0.13051086359416386 -16.682504930206473 0.07306026470256403 0.11386262366059133 0.9908066923948589 -6.570055774394014
0.9519637331813455 -0.3041756588950233 -0.03524334822872391 -4.580313597392925 0.29736048146718835 0.9457779663273229 -0.13069465323396595 -16.756435424567563 0.07308680301180169 0.11393672381803227 0.9907962079136216 -6.545171427004959
0.9505960945586464 -0.30845671863764895 -0.03495948903644481 -4.533372602215725 0.3016168055973348 0.9443762839740405 -0.1310785102852775 -16.7965309779023 0.07344709452974522 0.11405862292422654 0.9907562963773876 -6.559641891695915
0.9489142802170519 -0.31364206902875463 -0.03450810479638246 -4.484642440540504 0.30679218642222356 0.9426540140132937 -0.13146331349392984 -16.84677942521813 0.07376195862103122 0.11416079044468269 0.9907202627531918 -6.613848183629242
0.9478776067209991 -0.31678407729154595 -0.03429166441888282 -4.4449912857704055 0.30991449679409105 0.9415882396116079 -0.1317764228010198 -16.873467579617433 0.07403348623628134 0.11428068732820594 0.9906863351691063 -6.660253641125562
0.9468359472455743 -0.31990921986154947 -0.03405860804114179 -4.415760227596698 0.313027015665036 0.940523811568417 -0.13202040519976987 -16.89345277223503 0.0742676134251386 0.11434058531160059 0.9906622628142207 -6.728369136193461
0.9459107902850643 -0.32265182748482746 -0.03390046808087181 -4.3591116117995155 0.3157470453965091 0.9395729851000438 -0.1323161264180577 -16.882511537368828 0.07454404670668865 0.11445539963281913 0.9906287304074562 -6.81823043771688
0.9445370212669766 -0.3267106037657624 -0.03331660006316058 -4.3134201621813375 0.319810317889329 0.9381299846207738 -0.1327921173837474 -16.961193440386822 0.07464004732292373 0.11477234486532872 0.9905837146665 -6.966245434542286
0.9434769259146795 -0.3298173023959651 -0.03275023141044385 -4.2355906624210915 0.3229163232781875 0.9369825341364163 -0.13337788207430162 -17.01204651570014 0.07467699782213852 0.11526352403871376 0.9905246565328393 -7.14864135860095
0.9424505330449496 -0.3327871053440475 -0.032246628855386573 -4.131450097108226 0.32587552997093 0.9358642343651594 -0.13402846468624463 -17.031768219980425 0.07478157487702612 0.11580701715644569 0.9904527574919477 -7.349721355931613
0.9415164016309057 -0.33552624262999 -0.03112988120367411 -4.016623167264405 0.328648588817101 0.9347470958489189 -0.13504897159143922 -17.18324042898556 0.07441128796703304 0.11692013898300203 0.9903496952080508 -7.490632762415321
0.9401126432988637 -0.33948612043636456 -0.030621781364930552 -3.9283692147966427 0.3325959495161014 0.9332673999618077 -0.13561903180522122 -17.222203043878352 0.07461930464883058 0.11731254068987111 0.9902884582636597 -7.5275528800441345
0.9382087575377893 -0.34475864576790693 -0.030091562948702414 -3.887292365466729 0.33785450765631275 0.931302045793827 -0.13612774217045537 -17.316072672800086 0.0749558627745574 0.11754981230770535 0.9902341973006337 -7.518905959023249
