0.999992581 0.00381439582 0.000536269993 0.122556135 -0.00381427823 0.999992701 -0.000220123764 -0.0320487998 -0.000537105719 0.000218076648 0.999999832 0.0364143537
0.999980125 0.00627120294 0.000649681392 0.259005133 -0.00627112303 0.999980329 -0.000124974481 -0.0491148337 -0.000650452352 0.000120897766 0.999999781 0.0827819639
0.999942662 0.0104707538 0.00224428036 0.471735765 -0.0104718001 0.999945066 0.000454982862 -0.0542760968 -0.00223939306 -0.00047845843 0.999997378 0.140044661
0.999907115 0.01297112 0.00418459975 0.648804626 -0.0129758031 0.999915212 0.00109391573 -0.0472643975 -0.00417005563 -0.00114811266 0.999990646 0.155676626
0.999867157 0.0150283302 0.00631014314 0.89618954 -0.0150352482 0.999886413 0.00105031967 -0.0229953564 -0.00629364183 -0.00114505471 0.999979539 0.158915879
0.999816358 0.017388857 0.00805473998 1.0762092 -0.0173992561 0.999847874 0.00122278229 -0.033172415 -0.00803225186 -0.00136270422 0.999966812 0.156778351
0.999687794 0.0226761707 0.0104931399 1.37041428 -0.0226897458 0.999741862 0.00117646739 -0.0354408947 -0.0104637535 -0.00141418677 0.999944253 0.151959131
0.99955442 0.02675301 0.0132377308 1.57481058 -0.0267658617 0.999641414 0.00079459568 -0.00905589947 -0.0132117261 -0.0011485609 0.999912062 0.174388859
0.999440738 0.0294733993 0.0157964912 1.82370101 -0.0294812659 0.999565298 0.000265314738 0.0144449212 -0.0157818047 -0.000730866916 0.999875192 0.175841635
0.999302349 0.0323929291 0.0185879924 2.03198288 -0.0323936545 0.999475153 -0.000262145749 0.0062926011 -0.0185867282 -0.00034017014 0.999827194 0.192982575
0.99925754 0.033605313 0.0188428346 2.06035728 -0.0336013155 0.999435176 -0.000528802243 0.0255766591 -0.0188499623 -0.000104734401 0.999822318 0.233694962
0.999071306 0.0386037999 0.0191382229 2.1315723 -0.038602749 0.999254546 -0.000424472486 0.0455567324 -0.0191403424 -0.000314709733 0.999816757 0.307328998
0.998891907 0.0425648693 0.0200795827 2.20641934 -0.0425730296 0.999093357 -2.10884671e-05 0.0725382774 -0.0200622754 -0.000833783571 0.999798385 0.352254091
0.998709774 0.0459690167 0.0215786362 2.41368204 -0.0459879158 0.998941924 0.000380141265 0.049281676 -0.0215383296 -0.0013720073 0.999767082 0.353701671
0.998606343 0.0476563592 0.0226769183 2.63442679 -0.0476772949 0.998862718 0.000383148684 -0.00209318133 -0.0226328688 -0.00146378883 0.999742772 0.34248422
0.998417164 0.050743987 0.024253126 2.86524993 -0.0507688659 0.998710345 0.000410768861 -0.0520147091 -0.0242010037 -0.00164142238 0.999705765 0.318462076
0.998221076 0.0532665338 0.0267835707 3.12709972 -0.0532842376 0.998579385 -5.27731007e-05 -0.087233825 -0.0267483326 -0.00137446293 0.999641254 0.289358889
0.998026633 0.055428365 0.0295048656 3.40307482 -0.0554416964 0.998461859 -0.000366677094 -0.102680828 -0.0294798073 -0.0012698463 0.999564569 0.240416309
0.997887002 0.0569756966 0.031229804 3.65620771 -0.0569893518 0.998374683 -0.000453400698 -0.134452448 -0.0312048784 -0.00132732362 0.999512128 0.203756571
0.997708415 0.0589427606 0.0332215197 3.8614453 -0.0589553077 0.998260441 -0.000602610219 -0.147529879 -0.0331992484 -0.00135735563 0.999447831 0.157004443
0.997505352 0.0611763148 0.0352211756 4.03228856 -0.0611860417 0.998126056 -0.000802635954 -0.144254236 -0.0352042754 -0.00135441066 0.99937922 0.112540879
0.997261287 0.064059388 0.036963767 4.27252162 -0.0640696586 0.997945016 -0.000907829508 -0.184418445 -0.0369459621 -0.00146291271 0.999316194 0.0807056536
0.997015358 0.0666449925 0.038972044 4.45355326 -0.0666471247 0.997775831 -0.00124591476 -0.199690902 -0.0389683975 -0.00135517852 0.999239525 0.0356534266
0.996760365 0.0695109751 0.0404598492 4.68369213 -0.0694993128 0.997580557 -0.00169642013 -0.202780993 -0.0404798787 -0.00112100737 0.999179725 -0.0279491721
0.996382181 0.073697235 0.0423233647 4.85322435 -0.0736855581 0.997279831 -0.00183796655 -0.245983041 -0.0423436911 -0.00128730363 0.999102274 -0.0587743083
0.996003077 0.0775699665 0.0442805977 5.07459377 -0.077540973 0.996986338 -0.00237461042 -0.272173248 -0.0443313494 -0.00106844134 0.999016311 -0.102830526
0.995626234 0.0810329806 0.0464979277 5.20087982 -0.0810155843 0.996710269 -0.0022616657 -0.327063388 -0.0465282316 -0.00151528308 0.998915826 -0.192365307
0.995251152 0.0843890011 0.0485143373 5.52505393 -0.0843361542 0.996432416 -0.00313890109 -0.347623321 -0.0486061471 -0.000967517699 0.998817554 -0.30346839
0.994887652 0.0868921882 0.0514617154 5.80352675 -0.0868035237 0.996217581 -0.00395967442 -0.38667163 -0.0516111304 -0.000527627049 0.998667118 -0.412075038
0.99448315 0.0894239763 0.0548326235 6.11281555 -0.0893185659 0.995993501 -0.00437495754 -0.469140339 -0.0550041628 -0.000546749745 0.998485975 -0.553409001
0.99419138 0.0900939291 0.0588777096 6.48342957 -0.0899233575 0.995933249 -0.0055456078 -0.522976082 -0.0591378942 0.000218914143 0.998249799 -0.657997871
0.994061585 0.0907209475 0.0600938821 6.61866673 -0.0905269813 0.99587624 -0.005948053 -0.566831501 -0.0603856824 0.000472613249 0.998175008 -0.650881015
0.993872476 0.0915424428 0.0619474238 6.78351231 -0.0913093871 0.995800776 -0.00658863488 -0.619350501 -0.0622904324 0.000891881557 0.998057667 -0.61534883
0.993798174 0.0919184508 0.0625794569 6.89017161 -0.091668076 0.995765944 -0.00686641426 -0.6549491 -0.0629456422 0.00108729154 0.998016365 -0.541622849
0.993725023 0.0923054239 0.0631687155 6.96640834 -0.0920300151 0.995729753 -0.00726194907 -0.67650645 -0.0635692867 0.00140296267 0.997976441 -0.463628863
0.993543382 0.0940009373 0.0635245694 7.0476745 -0.0936930175 0.995570458 -0.0078155375 -0.675353969 -0.0639778525 0.00181326697 0.997949671 -0.33531721
0.993074229 0.0983909006 0.0642090909 7.11200718 -0.0980632009 0.99514605 -0.00824304651 -0.70204995 -0.064708464 0.00188940807 0.997902422 -0.132094545
0.992470156 0.103708254 0.0651735168 7.17461691 -0.103379942 0.994606477 -0.00839902473 -0.729284264 -0.0656930501 0.00159814701 0.997838599 0.129243425
0.992195555 0.106468789 0.0649028375 7.25055198 -0.106165428 0.994315367 -0.00811501527 -0.765690773 -0.0653978845 0.00116124457 0.997858591 0.245044251
0.991490047 0.112135909 0.0661288461 7.29167005 -0.111834103 0.993692562 -0.00825991106 -0.781581647 -0.0666379751 0.000794159397 0.997776904 0.538097665
0.990798202 0.117748306 0.0667402448 7.44925814 -0.117416552 0.993043 -0.00888552767 -0.752206247 -0.0673221888 0.000967355401 0.997730819 0.763898118
0.990557689 0.119630306 0.0669630872 7.54735564 -0.119306121 0.992818216 -0.00883399536 -0.725138978 -0.0675389864 0.000761475849 0.997716345 0.85480215
0.989835687 0.124452699 0.0688246918 7.66278378 -0.124200943 0.992225304 -0.00794178841 -0.724227934 -0.0692779777 -0.000687026049 0.997597158 1.07229151
0.989129623 0.129347016 0.0699423945 7.85267826 -0.129169952 0.991597284 -0.00706758558 -0.672661631 -0.0702688595 -0.00204369745 0.997525995 1.17362726
0.988568611 0.133011262 0.0709937032 8.13147533 -0.132916227 0.991108613 -0.00608219381 -0.650938207 -0.071171471 -0.00342354928 0.99745822 1.18919629
0.988231177 0.134990777 0.0719488038 8.24795792 -0.134915739 0.990839365 -0.00592417274 -0.628826177 -0.0720894158 -0.00385257381 0.997390733 1.19434288
0.987881843 0.136987358 0.0729652497 8.33113962 -0.136930996 0.99056362 -0.00579793735 -0.601327594 -0.073070966 -0.00426352731 0.997317631 1.18189441
0.986951088 0.142646563 0.0746961088 8.4903752 -0.142665643 0.989757761 -0.00510778875 -0.591317265 -0.0746596619 -0.00561543071 0.997193262 1.08371309
0.986459822 0.145675407 0.0753372145 8.6249207 -0.145666752 0.989317641 -0.00563933157 -0.527784564 -0.0753539473 -0.00541115333 0.997142167 1.01786035
0.985992401 0.148340659 0.0762498106 8.71961787 -0.148349111 0.988919284 -0.00558482682 -0.51307725 -0.076233365 -0.00580499479 0.997073105 0.955336512
0.985460197 0.151210192 0.0774834026 8.76562639 -0.151239745 0.988481695 -0.00552064151 -0.504646855 -0.0774257024 -0.00627819758 0.996978357 0.876121668
0.984852584 0.154480947 0.0787465892 8.82853372 -0.154556115 0.987970451 -0.00517637155 -0.520950902 -0.078598954 -0.00707280398 0.996881227 0.793068132
0.983529528 0.161853832 0.0804549824 8.95158595 -0.161947048 0.986784626 -0.00540885072 -0.451093195 -0.0802671829 -0.00770968252 0.996743568 0.623439239
0.982773375 0.165581781 0.0820924305 8.95076837 -0.165707344 0.986160575 -0.00532885997 -0.4460658 -0.0818386806 -0.00836625691 0.996610474 0.55923457
0.982343562 0.168193692 0.0819268526 9.09822389 -0.16831418 0.98571815 -0.0054832251 -0.43237595 -0.0816790295 -0.00840304016 0.996623261 0.499189537
0.981934425 0.170476686 0.0821126354 9.19649062 -0.17060002 0.985324656 -0.00556369486 -0.420910223 -0.0818560845 -0.00854523373 0.996607526 0.43424811
0.981267876 0.17402548 0.0826346593 9.26628742 -0.17416941 0.984700236 -0.00551928517 -0.410197129 -0.0823308647 -0.00897653263 0.996564624 0.358043883
0.980482189 0.177949582 0.083597985 9.31872443 -0.178126678 0.983992771 -0.00539566764 -0.395091941 -0.0832199697 -0.00960067532 0.996484954 0.289027233
0.979814499 0.18124513 0.0843430549 9.35478402 -0.18142592 0.98338878 -0.00558054683 -0.34030865 -0.0839534608 -0.00983411568 0.996421149 0.231587356
0.979182001 0.184389829 0.0848704927 9.38859702 -0.184610802 0.982797388 -0.00530535262 -0.33325486 -0.0843887516 -0.010473104 0.996377866 0.167644971
0.978304155 0.188862393 0.0851585391 9.47819497 -0.189122651 0.981940361 -0.00507443815 -0.332528096 -0.0845789772 -0.0111410647 0.996354492 0.0861492842
0.977153859 0.194095283 0.0865872822 9.51301749 -0.1944261 0.980906016 -0.00467755472 -0.345207757 -0.0858418773 -0.0122641369 0.996233287 0.016877669
0.976003828 0.198889269 0.0886543118 9.46279357 -0.199305286 0.979928343 -0.00422437597 -0.348935315 -0.0877150559 -0.0135462659 0.996053496 -0.0286019737
0.975253318 0.20314196 0.0872600087 9.63952191 -0.20347729 0.979066233 -0.00512870303 -0.244212695 -0.0864751828 -0.0127536455 0.996172368 -0.0909544739
0.974272318 0.20758177 0.087768215 9.68360588 -0.20796382 0.978124397 -0.00486965507 -0.241862465 -0.086859084 -0.0135082431 0.996129021 -0.166510618
0.973154021 0.212565535 0.0882447985 9.74213059 -0.212959798 0.977048005 -0.00503199738 -0.205863825 -0.0872890335 -0.013895686 0.996086108 -0.248330417
0.97196566 0.217734095 0.08873905 9.77303824 -0.218168464 0.975898857 -0.00489298907 -0.19195197 -0.0876657081 -0.0146042449 0.99604289 -0.311074782
0.970949502 0.222025244 0.0892292348 9.80226567 -0.22247391 0.974925762 -0.00501179105 -0.161638927 -0.0881046238 -0.0149849807 0.995998507 -0.382840304
0.96996108 0.226121759 0.0896908801 9.85029473 -0.226606682 0.973974159 -0.00487327178 -0.160319546 -0.0884585523 -0.0155976688 0.995957729 -0.460053331
0.968955982 0.23029864 0.0899268702 9.90198912 -0.230778247 0.972992637 -0.00516995846 -0.126330071 -0.088688817 -0.0157437033 0.995934952 -0.526878136
0.967813771 0.234842213 0.0904745238 9.89201578 -0.235328259 0.971900894 -0.00540955047 -0.0924491274 -0.0892026614 -0.0160557747 0.995884078 -0.585054888
0.966776076 0.238959594 0.0907872845 9.88822014 -0.239473731 0.970888113 -0.00534827023 -0.0776364187 -0.0894223159 -0.01657059 0.995855946 -0.662076664
0.965836499 0.242714059 0.09082809 9.90195618 -0.243242929 0.969950536 -0.00536984486 -0.0624242372 -0.0894020914 -0.0169068985 0.995852109 -0.754888845
0.964857806 0.246522906 0.0909718148 9.8993537 -0.247058024 0.968985029 -0.00550876334 -0.0406537353 -0.0895083629 -0.0171601435 0.995838231 -0.84113034
0.963735208 0.250856905 0.0910234192 9.89856085 -0.25140668 0.96786556 -0.00556219551 -0.0282119074 -0.0894937477 -0.017523412 0.995833219 -0.914848741
0.962694931 0.254803986 0.0910681017 9.91092108 -0.255374329 0.96682644 -0.00553057055 -0.0316508962 -0.08945626 -0.0179322032 0.995829309 -0.981622241
0.961523553 0.259215818 0.0909923994 9.92489077 -0.25981002 0.965644314 -0.0054601031 -0.0326884887 -0.0892816381 -0.0183907193 0.995836618 -1.05810479
0.959972472 0.264974341 0.0907824377 9.94037927 -0.265578631 0.964073062 -0.00557872209 -0.0111746372 -0.0889991209 -0.0187544559 0.995855123 -1.14330384
0.958066325 0.271741383 0.090915 9.91949959 -0.272363549 0.962177348 -0.0057312741 0.019108811 -0.089033778 -0.0192709913 0.995842164 -1.21599213
0.956141532 0.278428514 0.0909446767 9.90327687 -0.279081295 0.960250463 -0.00571657253 0.034843415 -0.0889213247 -0.0199151058 0.995839539 -1.26393233
0.95423302 0.284910046 0.0909153925 9.906292 -0.285577382 0.958337743 -0.00585910677 0.055987348 -0.0887969704 -0.0203724266 0.995841384 -1.31146749
0.95215689 0.291719632 0.0910873875 9.91488109 -0.292410392 0.956274317 -0.00596594483 0.0601087842 -0.0888449125 -0.0209543832 0.995825032 -1.35350272
0.949789167 0.29946596 0.090667946 9.99399471 -0.300186744 0.953862193 -0.00590219546 0.0548285772 -0.0882522324 -0.0216114741 0.995863689 -1.41635682
0.946735522 0.309159843 0.0900668859 10.1072878 -0.309889459 0.950752892 -0.00612051416 0.0673001235 -0.0875235694 -0.0221162704 0.995916912 -1.46316975
0.943124461 0.319966497 0.0902091623 10.1416198 -0.320713514 0.947154061 -0.00648278312 0.112045784 -0.0875162478 -0.0228172261 0.995901742 -1.48157435
0.939414543 0.330589505 0.0906139939 10.1245127 -0.33137638 0.943475163 -0.00665677072 0.139975375 -0.0876927112 -0.02377387 0.995863842 -1.47149613
0.93653469 0.33839748 0.0915965056 10.0702332 -0.339209269 0.940684659 -0.00703160751 0.161665558 -0.0885429059 -0.0244850393 0.995771378 -1.42611529
0.934034112 0.3452533 0.0915447263 10.1328978 -0.346104985 0.938170345 -0.00690969049 0.110202897 -0.0882701409 -0.0252301995 0.995776993 -1.43484051
0.931039653 0.353339578 0.0911937919 10.2317998 -0.354197938 0.935143247 -0.00713640647 0.0937104148 -0.0878008335 -0.0256563756 0.995807594 -1.46598217
0.927106818 0.363486562 0.0913808855 10.2595426 -0.364378472 0.931222173 -0.00732078909 0.103857597 -0.0877569152 -0.0265100739 0.995789104 -1.45589037
0.923301417 0.372911921 0.0919303622 10.2447427 -0.373823443 0.927467547 -0.00774487932 0.132202422 -0.0881505853 -0.0272148665 0.995735319 -1.40472095
0.920459087 0.379736423 0.0924949607 10.2402607 -0.380652333 0.924681683 -0.00822115965 0.148976879 -0.0886502697 -0.0276411814 0.995679213 -1.3457253
0.918072146 0.385445784 0.0926017428 10.2693768 -0.386392548 0.92229795 -0.00820309256 0.12716268 -0.088568245 -0.0282495926 0.995669436 -1.29848471
0.91544361 0.39167433 0.0924890025 10.3114352 -0.392645106 0.919653343 -0.00821885197 0.120528636 -0.0882769337 -0.0287914587 0.995679785 -1.27924558
0.91262996 0.398116484 0.0927891188 10.3282027 -0.399121673 0.916860714 -0.00826570158 0.125567503 -0.0883654097 -0.0294906215 0.995651474 -1.25651709
0.910144079 0.403602041 0.093504804 10.3052899 -0.404601318 0.914450253 -0.00886045251 0.166926803 -0.0890815884 -0.0297678786 0.995579401 -1.22298905
0.908286843 0.407602827 0.0942069317 10.2804545 -0.408580353 0.912672389 -0.00955012063 0.195755819 -0.0898727216 -0.0298168525 0.99550683 -1.19251309
0.906134639 0.412180051 0.0950137949 10.2461796 -0.41313789 0.910610438 -0.0102816992 0.207255203 -0.0907584647 -0.0299371949 0.995422858 -1.16188131
0.903722972 0.417854646 0.0931787742 10.4147655 -0.41886551 0.907999883 -0.00937537455 0.0955172166 -0.0885238599 -0.0305566334 0.995605252 -1.1172009
0.900952776 0.423782755 0.0932323548 10.4201786 -0.424792236 0.905238622 -0.00972594647 0.0840930638 -0.0885192167 -0.0308417619 0.995596873 -1.07855905
0.898380305 0.429239529 0.0930927171 10.4402199 -0.430237366 0.902659288 -0.0101003731 0.0486414381 -0.0883664852 -0.0309779892 0.995606212 -1.05574719
0.895996071 0.434180733 0.0931564858 10.4421264 -0.435152853 0.900293269 -0.0106782148 0.00227607745 -0.0885044323 -0.030969672 0.995594217 -1.01527685
0.893445474 0.439103412 0.0945694389 10.3398139 -0.440069988 0.897889783 -0.0115040105 -0.0568213372 -0.0899643833 -0.0313389658 0.995451796 -0.944543252
0.890921242 0.444255211 0.0943220464 10.3533325 -0.445180714 0.895358228 -0.0121562738 -0.149038361 -0.0898525084 -0.0311600734 0.995467517 -0.915359479
0.887943626 0.450153559 0.0944345843 10.348332 -0.451080232 0.892395733 -0.0125091712 -0.268066617 -0.089904068 -0.0314901354 0.995452475 -0.897094018
0.884701873 0.456524577 0.0942756928 10.3682508 -0.457360863 0.889173986 -0.0138080767 -0.318008704 -0.0901312199 -0.0309019808 0.995450366 -0.882787921
0.881611443 0.462452492 0.0943342755 10.3443286 -0.463178802 0.886131553 -0.0153710079 -0.368966159 -0.090700939 -0.0301423802 0.995421909 -0.834391283
0.878823516 0.467678798 0.0945820753 10.2967824 -0.468334519 0.883396768 -0.0165205661 -0.46449307 -0.0912798181 -0.0297773887 0.995379979 -0.813257765
0.876598735 0.471811701 0.0947015121 10.2716607 -0.472373086 0.881218542 -0.017819875 -0.537271051 -0.091860354 -0.0291135657 0.995346209 -0.811198919
0.872761866 0.478955594 0.0942775911 10.2805561 -0.479332139 0.877403496 -0.02009492 -0.696363181 -0.0923440624 -0.0276521995 0.995343122 -0.803484226
0.868812613 0.486144762 0.0939569837 10.2891055 -0.486404076 0.873465101 -0.0216746779 -0.881803124 -0.0926051774 -0.0268698263 0.99534029 -0.810200405
0.865803375 0.491450938 0.0941301796 10.24876 -0.491565619 0.870521309 -0.0235773679 -0.982706047 -0.0935294468 -0.0258577953 0.995280672 -0.808403225
0.863755964 0.495053797 0.0940604773 10.2303588 -0.495098176 0.868491131 -0.0245143284 -1.12142964 -0.0938266016 -0.0253947733 0.995264625 -0.835477411
0.861166523 0.499772844 0.0928403101 10.3162798 -0.49963466 0.865833671 -0.0264057029 -1.21258074 -0.0935811198 -0.0236465294 0.995330807 -0.837835886
0.859721126 0.502262681 0.0927996998 10.2994344 -0.502078636 0.864399572 -0.0270263467 -1.24898829 -0.0937903461 -0.0233576254 0.995317935 -0.820523689
0.858112171 0.505019009 0.0927324275 10.3079558 -0.504800556 0.862796783 -0.0275338005 -1.31790031 -0.0939143328 -0.0231842916 0.995310297 -0.801135092
0.857071046 0.507025203 0.0914038551 10.4149921 -0.506755036 0.86163935 -0.0278740742 -1.34812706 -0.0928900165 -0.0224293019 0.995423714 -0.786505348
0.855929067 0.508972916 0.0912798033 10.4288741 -0.508686208 0.860492243 -0.0281325684 -1.3741997 -0.0928642781 -0.022353294 0.995427826 -0.776339941
0.852661717 0.514425242 0.0912943956 10.4285059 -0.514166486 0.857228364 -0.0281488242 -1.46448898 -0.0927406111 -0.0229390938 0.995426028 -0.753166327
0.849420343 0.519727427 0.0914794149 10.4272387 -0.51942349 0.85402526 -0.028984357 -1.47167806 -0.0931896964 -0.0228966545 0.995385063 -0.709458502
0.848144297 0.521932486 0.0907619516 10.4818678 -0.521594693 0.85269021 -0.0292981403 -1.4838948 -0.0926834788 -0.0224919017 0.995441554 -0.697398869
0.845133685 0.526770676 0.0908939443 10.5122001 -0.526421047 0.84970383 -0.0297368783 -1.52113713 -0.0928974481 -0.0227168478 0.9954165 -0.663951584
0.843314014 0.529661708 0.0909942193 10.5166227 -0.529306862 0.847900422 -0.0299853265 -1.52857414 -0.0930361162 -0.0228768186 0.995399886 -0.642872975
0.840635558 0.533943857 0.0907513988 10.552954 -0.533597274 0.845203406 -0.0300857549 -1.5533699 -0.0927674953 -0.0231335436 0.995419023 -0.594849636
0.838565081 0.537229464 0.0905157936 10.5921263 -0.536874529 0.84311753 -0.0303079262 -1.58238828 -0.0925977632 -0.0231804555 0.995433735 -0.550524278
0.83615214 0.541004218 0.0903550459 10.6085233 -0.540667852 0.840690741 -0.0302877974 -1.62184763 -0.0923464767 -0.023526862 0.995448951 -0.506539831
0.834809566 0.543041176 0.0905498165 10.5868096 -0.542693663 0.839373949 -0.0305771388 -1.61791703 -0.0926098025 -0.0236147237 0.995422407 -0.479753407
0.83366821 0.544762132 0.0907278011 10.5659256 -0.544430484 0.838249309 -0.0305539592 -1.64435979 -0.0926971565 -0.0239231162 0.995406913 -0.449893576
0.831289002 0.548492584 0.0900804122 10.5936492 -0.54812118 0.83582297 -0.0310344077 -1.68663696 -0.0923134201 -0.02357642 0.995450845 -0.402142851
0.829825451 0.550617638 0.0906087058 10.5277553 -0.550325051 0.834395113 -0.0304488749 -1.78160581 -0.0923691489 -0.0245969893 0.995420981 -0.360590682
0.828261042 0.552962547 0.0906425299 10.4919447 -0.552660688 0.83284083 -0.0306971685 -1.81574927 -0.0924651843 -0.0246692942 0.995410275 -0.336314391
0.826581333 0.555509236 0.0904034786 10.4821057 -0.555195107 0.831145319 -0.0309168404 -1.85860108 -0.0923130185 -0.0246362858 0.995425216 -0.316934567
0.824517183 0.558637933 0.0899726334 10.4799384 -0.558291385 0.829052876 -0.0313378078 -1.89615416 -0.0920985587 -0.024392385 0.995451087 -0.294361663
0.822367986 0.561781811 0.0900671536 10.4405571 -0.56142301 0.826922252 -0.0316826916 -1.94499245 -0.0922772933 -0.0245109412 0.995431622 -0.264844675
0.820196357 0.564989552 0.0898039113 10.4233487 -0.564637474 0.82472884 -0.0317311178 -2.02254424 -0.0919916256 -0.0246809064 0.995453863 -0.237774041
0.81791654 0.568320453 0.0895789895 10.4032179 -0.567955892 0.822436497 -0.0320048815 -2.07913814 -0.0918620591 -0.024699593 0.995465365 -0.221643634
0.813134701 0.575203216 0.089180822 10.3423191 -0.574787475 0.817642487 -0.0328652131 -2.17312042 -0.0918222054 -0.0245361742 0.995473083 -0.176862394
0.810740697 0.578576823 0.0891537012 10.3056796 -0.578132259 0.815260275 -0.0333732538 -2.23149358 -0.0919924622 -0.0244855757 0.99545861 -0.154603261
0.807953866 0.582570189 0.0884450414 10.3168955 -0.582067699 0.812426948 -0.0340536095 -2.29018247 -0.0916937528 -0.0239672563 0.995498783 -0.132240997
0.80494514 0.58692643 0.087067137 10.3806652 -0.586368664 0.809306788 -0.0345588241 -2.35647561 -0.0907475123 -0.0232354833 0.995602833 -0.108625318
0.801787996 0.591263228 0.0868550754 10.3445341 -0.59067157 0.80614681 -0.0351342804 -2.40983182 -0.09079155 -0.0231325794 0.995601214 -0.0978351489
0.798961087 0.59513796 0.0864406775 10.3242881 -0.594461219 0.803309373 -0.0361926854 -2.42149457 -0.0909782473 -0.0224690833 0.995599367 -0.0834779222
0.796397644 0.598542252 0.0865907948 10.255251 -0.597826191 0.800777751 -0.0368624444 -2.4710276 -0.0914037123 -0.0224090811 0.995561748 -0.0626888459
0.79416927 0.601798504 0.084461425 10.3520614 -0.600924179 0.79838864 -0.0382846054 -2.46938343 -0.0904726605 -0.0203504554 0.995690995 -0.0249438114
0.791467254 0.605431869 0.0838560517 10.3361819 -0.60444407 0.795662224 -0.0396104844 -2.47680022 -0.0907025423 -0.0193358919 0.995690299 -0.0140422092
0.789219396 0.608391197 0.0836235416 10.2892284 -0.607359889 0.793408516 -0.0402105906 -2.5260721 -0.0908113994 -0.0190546069 0.9956858 -0.00470906696
0.787159584 0.611120586 0.0831349447 10.2470421 -0.610073729 0.791312123 -0.04043722 -2.59250076 -0.0904977072 -0.0188879005 0.995717536 0.00109593971
0.784772168 0.614247116 0.0826627213 10.1956636 -0.613154997 0.788896966 -0.0410186047 -2.63553622 -0.0904079297 -0.0184948013 0.995733071 0.00711980205
0.779698845 0.620840758 0.0814030987 10.1349073 -0.619700284 0.783731178 -0.0416773223 -2.74692383 -0.0896731267 -0.0179497634 0.995809488 -0.00922044727
0.775279106 0.626479066 0.0804132329 10.0453322 -0.625277125 0.779245332 -0.0424879976 -2.75260316 -0.0892794774 -0.0173404982 0.995855653 -0.0116100757
0.772213714 0.630449532 0.0788629617 10.0074011 -0.629193969 0.776056954 -0.0430180586 -2.76257003 -0.0883228648 -0.0164009651 0.995956866 -0.00513584877
0.766973161 0.636997096 0.0773748687 9.85004365 -0.635772761 0.770691605 -0.0427486423 -2.73678976 -0.0868629228 -0.0164057726 0.996085179 -0.0332020384
0.764377415 0.640317501 0.0756350835 9.68928869 -0.6391332 0.76794091 -0.0421368122 -2.70574786 -0.0850642132 -0.0161324654 0.996244861 0.0376889536
0.762692519 0.642693015 0.0724279647 9.53332864 -0.641451912 0.765993052 -0.0423566872 -2.52272414 -0.0827016647 -0.014153928 0.996473834 0.119925708
0.761228902 0.644623699 0.0706459258 9.36622172 -0.643473422 0.764367739 -0.0410355299 -2.52823992 -0.0804519417 -0.0142213443 0.996657032 0.237018936
0.760218552 0.64599993 0.0689336182 9.19572667 -0.644862899 0.763217056 -0.0406394674 -2.45229598 -0.0788644063 -0.0135578558 0.996793153 0.331195336
0.758850954 0.647816006 0.0669302059 8.99410967 -0.646736456 0.761682453 -0.0396458963 -2.41122495 -0.0766628096 -0.0132008779 0.996969684 0.390836872
0.756977138 0.650279618 0.0642030466 8.8871847 -0.649152836 0.759608744 -0.0399393399 -2.30887723 -0.0747409342 -0.0114444226 0.997137311 0.451114776
0.754166898 0.653700762 0.0625108368 8.6960442 -0.65264134 0.756666611 -0.0389219741 -2.32430606 -0.0727431872 -0.0114434919 0.997285052 0.513744612
0.752210709 0.65602982 0.0616759678 8.6273771 -0.654994869 0.754648957 -0.0385573929 -2.3385723 -0.0718385043 -0.0113941586 0.997351193 0.52356358
0.750088115 0.658540596 0.0607626749 8.57017316 -0.657517663 0.752462132 -0.0383570454 -2.35178419 -0.0709812834 -0.011181368 0.997414976 0.535089267
0.744965749 0.664447241 0.0594634013 8.37434002 -0.663395373 0.747261076 -0.0388260619 -2.34436839 -0.0702325549 -0.010523659 0.997475133 0.552023675
0.742862778 0.666883268 0.0584944415 8.33737722 -0.665836545 0.745092547 -0.0387142245 -2.37880237 -0.069401641 -0.0101883805 0.997536771 0.559780539
0.740714813 0.669361386 0.0574186546 8.28118207 -0.668257139 0.742881067 -0.0394982932 -2.34859886 -0.0690938637 -0.00911345508 0.997568535 0.547556653
0.738131016 0.672263646 0.0567819798 8.22183763 -0.671189736 0.740253973 -0.0390946839 -2.42906705 -0.0683150209 -0.00925448325 0.997620876 0.539034578
0.731942679 0.679162376 0.0547574717 8.20367921 -0.677999772 0.733949398 -0.040430065 -2.45908151 -0.0676477924 -0.00753306317 0.997680825 0.550273529
0.728742296 0.682672744 0.0537828074 8.16785358 -0.68140627 0.730699281 -0.042000662 -2.41194847 -0.0679717659 -0.00604028335 0.99766896 0.551205026
0.725489961 0.686155117 0.0534366078 8.10891582 -0.68485584 0.727432938 -0.0425887114 -2.44094369 -0.0680940109 -0.00569869038 0.997662634 0.533235206
0.722304543 0.689540923 0.0530043624 8.0728247 -0.688216119 0.72422677 -0.0430599618 -2.49368967 -0.0680787839 -0.00537605049 0.997665464 0.524420316
0.718288913 0.693725119 0.0529763836 8.00931212 -0.692396432 0.720218136 -0.0432783787 -2.59317998 -0.0681778506 -0.00559427937 0.997657499 0.511853029
0.709058719 0.7032223 0.0520973105 7.95813125 -0.701808364 0.710953988 -0.0448268543 -2.73680858 -0.0685620342 -0.00477745636 0.997635416 0.496863708
0.70503704 0.707282218 0.0517168813 7.93021386 -0.705813885 0.706918538 -0.0457486755 -2.7946718 -0.0689168468 -0.00424798213 0.997613363 0.471931704
0.701030144 0.711261311 0.051614762 7.88703819 -0.709758819 0.702915661 -0.0463895783 -2.87007299 -0.0692759368 -0.00411353979 0.997589055 0.447489139
0.696485968 0.715708171 0.051663436 7.84193091 -0.714176136 0.698387021 -0.0469895209 -2.95821848 -0.0697118573 -0.00416925119 0.997558457 0.42637043
0.691510426 0.720555753 0.0511149401 7.86937429 -0.718969237 0.693387613 -0.0479255133 -3.03989388 -0.0699754706 -0.00360907738 0.997542184 0.411868772
0.686563367 0.725256846 0.051315208 7.85294831 -0.723660513 0.68846677 -0.0482593922 -3.16193025 -0.0703292701 -0.00400165896 0.997515805 0.41090046
0.681762106 0.729759947 0.0514864131 7.84937389 -0.728139074 0.683690416 -0.0487945016 -3.25126132 -0.0708090401 -0.00422302696 0.99748095 0.407255921
0.677483742 0.733730353 0.0515320213 7.8589546 -0.732057533 0.679428622 -0.0496841597 -3.29834283 -0.0714671062 -0.00406419395 0.997434677 0.402386723
0.67311241 0.737730994 0.0516978038 7.86280826 -0.736036211 0.675081177 -0.0501607372 -3.38896187 -0.0719053448 -0.0042876409 0.997402245 0.398629491
0.669342391 0.741143984 0.0518300961 7.88553827 -0.73939554 0.671333253 -0.0510480083 -3.44182154 -0.0726291913 -0.004154346 0.997350361 0.393073471
0.665729701 0.744374391 0.0520646818 7.91494063 -0.742586825 0.667749141 -0.0517290304 -3.51010709 -0.0732719121 -0.00422499477 0.997303051 0.41005861
0.658610284 0.75063675 0.0526968996 8.00969109 -0.748784247 0.660699005 -0.0529053536 -3.64453317 -0.0745294918 -0.00461459836 0.997208133 0.448381069
0.65303111 0.755479577 0.0529242662 8.18265734 -0.753556174 0.655156238 -0.0540684494 -3.69970001 -0.0755212725 -0.00457302801 0.997133705 0.49993986
0.649399955 0.75851215 0.0542126942 8.21929491 -0.756611085 0.651631717 -0.0539978836 -3.79513879 -0.0762847618 -0.00595170215 0.997068309 0.502535381
0.645746744 0.761566775 0.0550199143 8.4172321 -0.759619601 0.648054779 -0.0548002268 -3.81567847 -0.0773899503 -0.00640713735 0.996980313 0.509535013
0.642838141 0.763924458 0.0563786037 8.52633702 -0.761979182 0.645260958 -0.0550092923 -3.85769068 -0.0784018556 -0.00759725119 0.996892888 0.526774367
0.64089944 0.765446204 0.0577928738 8.68980745 -0.763531266 0.643437315 -0.0548491428 -3.84236118 -0.0791701596 -0.00897388118 0.996820724 0.479561766
0.636966954 0.768677831 0.0583737291 8.9940202 -0.766778408 0.639561078 -0.0548862548 -3.7899968 -0.0795234123 -0.00979898449 0.996784835 0.471854745
0.635920594 0.769415333 0.0600420071 9.25363882 -0.767602487 0.638641553 -0.0540683688 -3.64413461 -0.0799463527 -0.0117052048 0.996730439 0.421561024
0.636578229 0.768661901 0.0626660979 9.48049144 -0.766986089 0.639491348 -0.0527556195 -3.50915049 -0.0806256622 -0.0144809465 0.996639255 0.370512355
0.637328144 0.767916912 0.0641595921 9.7032851 -0.766302934 0.640352683 -0.0522327024 -3.33965851 -0.0811951425 -0.0158763124 0.996571769 0.262527448
0.638175432 0.767017408 0.0664560978 9.92784275 -0.765532956 0.641365921 -0.0510788475 -3.24071007 -0.0818010416 -0.0182770674 0.996481078 0.207771521
0.638657724 0.766405588 0.0688388356 10.1051515 -0.76501349 0.642032339 -0.0504860044 -3.04792948 -0.0828895145 -0.0204193611 0.996349526 0.145684721
0.639604946 0.765370776 0.0715058621 10.3522571 -0.764123628 0.643176625 -0.0493853186 -2.9283612 -0.0837889786 -0.0230522248 0.996216845 0.130992956
0.639946532 0.764845081 0.0740299808 10.6174126 -0.763746527 0.643704824 -0.0483253823 -2.81343532 -0.0846148867 -0.0256144799 0.996084444 0.112716824
0.640461801 0.764180964 0.0763946021 10.8930691 -0.763235905 0.644391357 -0.0472306377 -2.69158113 -0.0853207755 -0.028057684 0.995958399 0.0550472924
0.639934266 0.764375973 0.0788258035 11.1647867 -0.76359109 0.64404368 -0.0462210455 -2.57735936 -0.0860975172 -0.0306122504 0.995816302 0.0334393971
0.638988302 0.764977749 0.0806411417 11.292037 -0.764312435 0.643234911 -0.0455560191 -2.53263524 -0.0867205385 -0.0325252641 0.99570159 0.0379857203
0.637511794 0.765958717 0.0829816646 11.6074525 -0.765462119 0.641932234 -0.0446178319 -2.40424094 -0.0874440227 -0.0350749267 0.995551753 0.0805049706
0.635321204 0.767531799 0.0852168066 11.9468579 -0.767208825 0.639906503 -0.0437068106 -2.32013696 -0.0880771557 -0.0376112226 0.995403341 0.0706066313
0.631862944 0.770112116 0.0876159164 12.2296142 -0.76994624 0.636643624 -0.043216692 -2.25817856 -0.0890618127 -0.0401525192 0.995216443 0.117595672
0.62977562 0.771664549 0.0889746752 12.3872032 -0.771546661 0.634687982 -0.0434386315 -2.22200502 -0.089991209 -0.0412915225 0.995086224 0.15225062
0.628536692 0.772675365 0.0889629562 12.6390514 -0.772554887 0.633452775 -0.0435491461 -2.19935157 -0.0900031838 -0.0413565303 0.995082441 0.201559854
0.626823713 0.773864404 0.0906968466 12.7122896 -0.773844086 0.631889781 -0.0433662854 -2.21257904 -0.0908700352 -0.0430022024 0.994933891 0.271107724
0.624695351 0.775476216 0.0916098076 12.8676822 -0.775531603 0.629834227 -0.043122843 -2.2661209 -0.0911397314 -0.0441076614 0.994860826 0.300137301
0.622251667 0.777302952 0.0927522696 12.9956865 -0.77732807 0.627542708 -0.0441726379 -2.23475471 -0.0925415323 -0.0446124451 0.994708899 0.347289688
0.618876038 0.779772901 0.0945868545 13.0803999 -0.77992044 0.624330212 -0.0439988025 -2.29755035 -0.0933625047 -0.0465404166 0.994543831 0.399877933
0.610316125 0.786297933 0.0961758153 13.0950779 -0.786776199 0.615813781 -0.0419118041 -2.55484139 -0.0921815575 -0.0500893925 0.99448158 0.478839625
0.606753203 0.78877852 0.0983818984 13.132705 -0.789304436 0.612504035 -0.0428638993 -2.56844502 -0.0940694328 -0.0516454607 0.99422517 0.604406893
0.60309325 0.791424124 0.0996312629 13.2216322 -0.791989179 0.608989461 -0.0434163154 -2.68075315 -0.0950351085 -0.0527227954 0.994076775 0.72095871
0.598976683 0.794386617 0.100880308 13.281794 -0.795007281 0.605013021 -0.0438482277 -2.82020859 -0.0958663454 -0.0539365138 0.993931837 0.777067811
0.595297313 0.797074556 0.101455706 13.3892752 -0.797702643 0.601415592 -0.0443821833 -2.91277148 -0.0963929528 -0.0545108908 0.993849567 0.786942698
0.5912851 0.799990799 0.101963972 13.4574903 -0.800582827 0.597503291 -0.0453536527 -2.96051112 -0.0972063135 -0.0548136656 0.993753689 0.806717983
0.586795956 0.803244418 0.102317701 13.5434748 -0.803758614 0.593120031 -0.0466981698 -3.03033641 -0.098196722 -0.0548364363 0.993655055 0.883169808
0.582304779 0.806459932 0.102681658 13.6141891 -0.806876958 0.588747106 -0.0482329725 -3.13622384 -0.0993514886 -0.0547651735 0.99354419 0.983701481
0.578074887 0.80942356 0.10326144 13.6794352 -0.809798785 0.58463255 -0.0493022264 -3.29544918 -0.100276383 -0.05512061 0.993431611 1.09443152
0.574289756 0.812071499 0.103591296 13.7346858 -0.812393253 0.580935346 -0.0503122786 -3.43274022 -0.101037013 -0.0552630437 0.993346625 1.1739807
0.570210675 0.814905644 0.103868077 13.7581189 -0.815172954 0.576939351 -0.051322913 -3.5409289 -0.101748913 -0.0554055746 0.993266017 1.21108581
0.56592807 0.817862182 0.104052248 13.7843701 -0.818045265 0.572744907 -0.0525853245 -3.65617553 -0.102602943 -0.0553599376 0.993180705 1.26517973
0.561866297 0.820676826 0.103902898 13.8607612 -0.820697146 0.568767724 -0.0544010229 -3.7598967 -0.103742274 -0.0547067107 0.993098543 1.36170809
0.558087187 0.823243127 0.103968482 13.9225798 -0.823172452 0.565061938 -0.0556068371 -3.88925908 -0.104526578 -0.0545505272 0.993024891 1.4906106
0.553881176 0.826138026 0.103496883 13.9952611 -0.82596675 0.560864337 -0.0566579529 -4.0062759 -0.104855 -0.0541032107 0.993014739 1.58434359
0.549722785 0.828873497 0.103795887 14.0454503 -0.828674381 0.556779414 -0.0574060475 -4.13639822 -0.105373765 -0.0544555805 0.992940562 1.688161
0.546158857 0.831203459 0.103977467 14.103912 -0.830918719 0.55330063 -0.0585874965 -4.2262082 -0.106228928 -0.0543987437 0.992852553 1.80003845
0.539575073 0.835421718 0.104543265 14.1559585 -0.83505031 0.546869376 -0.060206855 -4.43763585 -0.107469624 -0.0548127676 0.992696248 1.97006214
0.534474245 0.838681048 0.104648846 14.3344912 -0.838231078 0.541848136 -0.0613942798 -4.57535708 -0.108194001 -0.0549062535 0.992612392 2.11402972
0.528722008 0.84218834 0.105696916 14.5285254 -0.8417476 0.536264359 -0.0623018142 -4.66983556 -0.10915135 -0.0560297851 0.992444782 2.39259955
0.526056614 0.843749927 0.106538723 14.7356035 -0.843325139 0.533721567 -0.0628012591 -4.67174887 -0.109850572 -0.056809766 0.992323285 2.59846397
0.525655312 0.843839764 0.107800492 14.8798894 -0.843561753 0.533422839 -0.0621582147 -4.57978524 -0.109954818 -0.058262576 0.992227499 2.84766587
0.526314768 0.843263596 0.109083785 15.0375844 -0.843212458 0.534138992 -0.0607312807 -4.52877757 -0.109478381 -0.0600170368 0.992175609 3.08788451
0.527370666 0.842294478 0.11144592 15.2502911 -0.84256943 0.535347685 -0.0589882367 -4.28580578 -0.109347782 -0.0627922599 0.992018243 3.45883349
0.527772506 0.841948648 0.112154608 15.3105644 -0.842345182 0.535780887 -0.0582532079 -4.20313938 -0.109136505 -0.0637284521 0.991981808 3.69561965
0.527764668 0.8419715 0.11201986 15.3860192 -0.842333414 0.535773463 -0.0584911552 -4.21132379 -0.109265154 -0.0634885059 0.991983032 3.88676431
0.527914647 0.841806921 0.112548803 15.4830391 -0.842187027 0.535989912 -0.0586159088 -4.27964954 -0.109668301 -0.0638429446 0.991915794 4.10082402
0.527188543 0.842206036 0.112965624 15.5812683 -0.842587282 0.535328482 -0.0589074506 -4.32651059 -0.110085926 -0.0641280647 0.991851138 4.33688433
0.525773455 0.843078171 0.113055175 15.6227678 -0.843430455 0.533950871 -0.0593425273 -4.34547471 -0.110396299 -0.0641534521 0.991814999 4.52673768
0.523627071 0.844422858 0.112981096 15.6369427 -0.844778857 0.53180254 -0.0594536879 -4.39667411 -0.110287687 -0.0643124808 0.991816783 4.63833893
0.520648469 0.846301866 0.112686836 15.6499525 -0.846635283 0.528809029 -0.0597470338 -4.45027955 -0.110153843 -0.06429745 0.991832631 4.75229187
0.516559113 0.848850504 0.112336569 15.6164953 -0.849157072 0.52470486 -0.0601421349 -4.52481703 -0.109995225 -0.0643244244 0.991848486 4.86432797
0.512661548 0.851285126 0.111766595 15.5859 -0.851528386 0.52078038 -0.0607223456 -4.57595125 -0.109897879 -0.0640424167 0.991877525 4.97203268
0.50870465 0.853743835 0.11109025 15.5582342 -0.85394165 0.516770997 -0.0610851483 -4.65418571 -0.109559288 -0.0637902921 0.991931228 5.08419758
0.504301645 0.856450403 0.110329314 15.512352 -0.856599037 0.512307938 -0.0614708492 -4.71265577 -0.109169317 -0.0635081338 0.991992327 5.20131721
0.499905561 0.85910848 0.109667901 15.4543783 -0.859199402 0.507871675 -0.0619899127 -4.71745022 -0.10895328 -0.063237493 0.992033367 5.32125939
0.496188262 0.861351909 0.108949978 15.3878882 -0.861415576 0.504084996 -0.0621411426 -4.73693466 -0.108445441 -0.0630175024 0.992103009 5.47831575
0.49372353 0.862902839 0.10786921 15.3310029 -0.86293457 0.501494928 -0.0620222892 -4.72924514 -0.107615071 -0.0624622072 0.992228537 5.6282091
0.489747368 0.865308332 0.106719289 15.1928489 -0.865371909 0.497355186 -0.0613944453 -4.72278523 -0.106202517 -0.0622841068 0.992391916 5.86635545
0.487117168 0.866929826 0.105591392 15.064055 -0.867055895 0.494540375 -0.0603646609 -4.60140444 -0.104551131 -0.0621489762 0.992575723 6.07798565
0.485178336 0.868149591 0.104490526 15.0202654 -0.868367959 0.492399956 -0.0589862011 -4.45457806 -0.102659977 -0.0621173981 0.992775079 6.29185572
0.483671226 0.869064752 0.103868199 14.9485989 -0.869434214 0.490719849 -0.0572553714 -4.23241363 -0.100728812 -0.0626137903 0.9929417 6.49170194
0.482251327 0.869988083 0.102734578 14.895678 -0.870536169 0.489035238 -0.0548754479 -3.98498633 -0.0979818146 -0.0629704085 0.993193985 6.69991379
0.480500794 0.870992205 0.102428344 14.7781695 -0.871741978 0.487117592 -0.0527482269 -3.76369211 -0.0958379426 -0.063945522 0.993340857 6.89919714
0.477936223 0.872391523 0.102518277 14.7323776 -0.873230147 0.484516456 -0.052085642 -3.67311144 -0.0951108647 -0.064628435 0.993366543 6.95544556
0.47602788 0.873435749 0.102505855 14.7459771 -0.874325139 0.482579609 -0.0516959691 -3.65927485 -0.0946203429 -0.0650147234 0.99338818 6.98584743
0.469714039 0.876801574 0.102896657 14.84257 -0.877792549 0.476276151 -0.0513932714 -3.61684692 -0.094068925 -0.0661817778 0.993363483 7.0584161
0.467013011 0.878140245 0.103771664 14.9486679 -0.879272228 0.473610162 -0.0507322817 -3.55711913 -0.0936973727 -0.0675509064 0.993306437 7.02945183
0.466838132 0.878094296 0.104940769 15.0366014 -0.879447291 0.473442365 -0.0492421553 -3.47890359 -0.0929226616 -0.0693017591 0.993258599 6.90581731
0.467384493 0.877653695 0.106187227 15.1386192 -0.879219522 0.474007773 -0.0478504212 -3.37433517 -0.0923296698 -0.0709973377 0.993194145 6.76134179
0.468224713 0.876988546 0.107966241 15.3113898 -0.878823933 0.474898986 -0.0462541601 -3.21303246 -0.0918374271 -0.0732259759 0.993077964 6.52146148
0.469632032 0.875962758 0.110158976 15.5843072 -0.878122297 0.476372377 -0.0443913201 -2.81215635 -0.0913618363 -0.0758854668 0.992922157 6.36293239
0.469056075 0.876352308 0.109512698 15.5133629 -0.878560497 0.475657842 -0.0433713104 -2.69387477 -0.0900991217 -0.0758699539 0.993038719 6.48123105
0.468227907 0.876956521 0.108212232 15.3966424 -0.879089845 0.474695782 -0.0431851748 -2.60067695 -0.0892394106 -0.0749077699 0.993189385 6.65881646
0.467370247 0.877604632 0.106654402 15.2702198 -0.879648073 0.473680314 -0.0429677594 -2.54426071 -0.0882287953 -0.0737364869 0.993367309 6.81957875
0.466684706 0.878143858 0.105208129 15.1784001 -0.880089559 0.472862579 -0.042934254 -2.50534149 -0.0874514388 -0.0725558164 0.993522974 7.00433692
0.465868153 0.87881772 0.103180802 15.0312833 -0.880706554 0.471798285 -0.0419802662 -2.42893693 -0.0855735274 -0.0713147397 0.993776323 7.22901121
