0.999999999 -4.60214099e-05 1.29488922e-05 -0.00130237736 4.60241727e-05 0.999999976 -0.000213437104 0.00430371177 -1.29390692e-05 0.0002134377 0.999999977 0.00138115894
0.999999903 -0.000439123602 -3.18233056e-05 -0.0162717038 0.000439124317 0.999999903 2.24468344e-05 0.0268262598 3.18134456e-05 -2.24608066e-05 0.999999999 0.0109423793
0.999999698 -0.000770039419 -0.000102363572 -0.0889993059 0.000769872339 0.999998388 -0.00162235688 0.338046983 0.000103612686 0.00162227758 0.999998679 0.085942257
0.999999731 -0.000605262287 -0.000415479932 -0.208869876 0.000604520933 0.999998229 -0.00178214433 0.599493219 0.000416557862 0.00178189268 0.999998326 0.283575667
0.999998251 -0.000768391697 -0.00170493543 -0.275429439 0.000767260642 0.999999485 -0.000663955541 0.745470715 0.00170544473 0.00066264625 0.999998326 0.554581654
0.99999763 -0.00103799133 -0.00191385957 -0.464166893 0.0010402471 0.999998765 0.00117803472 0.8616525 0.00191263441 -0.00118002281 0.999997475 0.815975795
0.999994701 -0.000977869473 -0.00310516071 -0.632951044 0.000983738215 0.999997732 0.00188903171 1.1188721 0.00310330644 -0.00189207636 0.999993395 1.05018088
0.9999918 -0.000468085954 -0.00402250802 -0.841581031 0.000480134361 0.9999954 0.00299480401 1.39620154 0.00402108769 -0.0029967108 0.999987425 1.2369209
0.999984706 1.70490437e-06 -0.00553066066 -1.01067601 2.44238496e-05 0.99998884 0.00472427491 1.63997876 0.00553060699 -0.00472433774 0.999973546 1.46661848
0.999973833 0.000587846559 -0.00721026663 -1.17715521 -0.000538369197 0.999976311 0.00686209344 1.82067461 0.00721412968 -0.00685803209 0.999950461 1.74681031
0.999961241 0.00090286365 -0.00875788922 -1.37374655 -0.000823994501 0.999959115 0.00900492921 1.95990505 0.00876566138 -0.00899736374 0.999921102 2.04076069
0.999946935 0.00122736585 -0.0102284079 -1.61349302 -0.00111565727 0.999939753 0.0109199635 2.13652652 0.0102411944 -0.0109079727 0.999888061 2.26128057
0.999928311 0.00181533104 -0.0118354624 -1.88834022 -0.00166719028 0.9999203 0.0125145594 2.37629408 0.0118572372 -0.0124939303 0.999851643 2.4084919
0.999901124 0.00221011027 -0.0138873326 -2.17930508 -0.00199000645 0.999872509 0.0158431301 2.45558869 0.0139205771 -0.0158139278 0.999778044 2.51737471
0.999865432 0.00325921467 -0.0160777854 -2.46357455 -0.00297005205 0.999834 0.0179764348 2.54562935 0.0161337055 -0.0179262639 0.999709134 2.59932045
0.999777896 0.00529478892 -0.0203991159 -3.01385179 -0.00486260098 0.99976389 0.0211782606 2.79770532 0.0205064339 -0.0210743641 0.999567585 2.62353646
0.999633061 0.00840930176 -0.0257492952 -3.61253687 -0.00777368876 0.999665028 0.0246860576 2.95325833 0.0259482624 -0.0244768323 0.999363584 2.44903982
0.999563198 0.00943123077 -0.0280082996 -3.91295032 -0.00870218363 0.999623064 0.0260384713 3.02447866 0.0282433171 -0.0257833643 0.999268499 2.31991016
0.999504534 0.0101415678 -0.0297965665 -4.32776916 -0.00931718267 0.999573499 0.0276768819 3.02774917 0.0300645452 -0.0273855489 0.999172735 2.14457259
0.999389944 0.0117708337 -0.0328814112 -4.67852974 -0.0108543411 0.99955141 0.0279134659 3.1440935 0.0331952257 -0.0275395311 0.999069393 1.8999099
0.999248344 0.0136770462 -0.0362723736 -4.93611511 -0.0126355097 0.999505625 0.0287897475 3.23892136 0.0366482001 -0.0283097876 0.998927157 1.65216924
0.99912706 0.0152273817 -0.0389004417 -5.22149987 -0.0140475371 0.999438329 0.0304252196 3.24071195 0.0393418888 -0.0298522048 0.998779786 1.46977713
0.999001594 0.0165078494 -0.0415127174 -5.56284444 -0.0152325609 0.999407907 0.0308513317 3.28446474 0.0419974271 -0.0301881845 0.998661549 1.28844394
0.998842515 0.0183171118 -0.0444759969 -5.89822438 -0.0169478277 0.999376579 0.0309713508 3.39121033 0.0450155753 -0.0301817304 0.99853025 1.02457754
0.99869557 0.0195076982 -0.0471869597 -6.23381724 -0.0180439133 0.999348699 0.0312505093 3.53168789 0.0477658523 -0.0303583078 0.998397114 0.820956134
0.998599731 0.0200715532 -0.0489459899 -6.68041862 -0.0185030495 0.999307229 0.0322908579 3.55847429 0.0495602093 -0.0313399919 0.998279315 0.691190708
0.998383777 0.021319737 -0.0526811469 -6.99609089 -0.0195980644 0.999263705 0.032984282 3.59907462 0.0533455743 -0.0318985235 0.998066498 0.559853454
0.998212765 0.0220353635 -0.0555492522 -7.32654123 -0.0202269596 0.999253633 0.0329096746 3.73430813 0.0562329688 -0.0317272648 0.99791344 0.431918885
0.998043177 0.0220158493 -0.0585245161 -7.68806842 -0.0200847492 0.999240821 0.0333823937 3.82892056 0.0592150273 -0.03214162 0.997727667 0.366456963
0.997835029 0.0226286386 -0.0617511066 -8.06949475 -0.020581719 0.999223916 0.0335850929 3.91495291 0.0624631675 -0.0322414382 0.997526362 0.311259859
0.997603968 0.0239473678 -0.0649064428 -8.37012953 -0.0217423079 0.999169235 0.0344690053 4.00020031 0.0656779627 -0.0329752006 0.997295865 0.265566372
0.997462374 0.0237688776 -0.0671107493 -8.74830354 -0.02143385 0.999146818 0.0353019382 4.05268348 0.067892579 -0.0337739134 0.997120815 0.32023685
0.997252656 0.0234677919 -0.0702595394 -9.13867675 -0.0209793462 0.9991334 0.0359487977 4.08650884 0.0710422914 -0.0343760348 0.996880776 0.343734148
0.99697092 0.0235623389 -0.0741201777 -9.40905467 -0.0209477568 0.99913737 0.0358567535 4.24330788 0.0749011084 -0.0341954891 0.996604481 0.348187387
0.996780892 0.0234110796 -0.0766796898 -9.70818839 -0.0205954984 0.99909163 0.0373060241 4.28038341 0.0774834106 -0.0356066755 0.996357609 0.43614334
0.99657416 0.0237582128 -0.0792179931 -10.0141228 -0.0207751257 0.999051426 0.0382706356 4.30690453 0.0800520909 -0.0364937628 0.996122416 0.60748854
0.99634214 0.0242096541 -0.0819526283 -10.2457172 -0.021091229 0.999028038 0.0387058117 4.39589968 0.0828100277 -0.0368357496 0.995884344 0.743254013
0.996183885 0.0247370128 -0.0837003468 -10.4850273 -0.0214612517 0.998976654 0.0398127997 4.48708558 0.0845995421 -0.0378645553 0.995695331 0.888336512
0.99602777 0.0248723946 -0.0854988035 -10.7582615 -0.0213699058 0.998904144 0.041639394 4.51156471 0.0864407805 -0.0396468914 0.995467787 1.06168573
0.995789202 0.0252961239 -0.0881134027 -10.9604723 -0.0215662635 0.998841067 0.0430281316 4.54331891 0.0890997301 -0.040946672 0.995180691 1.25893228
0.995630834 0.0267672652 -0.0894581251 -11.1914854 -0.0229330471 0.998785078 0.0436170138 4.65601588 0.0905169486 -0.0413748964 0.995035075 1.50061447
0.995450753 0.0278061256 -0.0911296808 -11.3772454 -0.0238511789 0.99873774 0.0442046216 4.7768918 0.0922438106 -0.0418299735 0.994857443 1.78144188
0.995247646 0.0284867042 -0.093116222 -11.5185026 -0.0243477069 0.998677229 0.0452877573 4.8793275 0.0942831495 -0.0428053673 0.994624747 2.01763555
0.995076342 0.0291297723 -0.0947339959 -11.6380066 -0.0247921266 0.998603737 0.0466468332 4.98451255 0.095960534 -0.044068503 0.994409143 2.26740402
0.995011408 0.0292109041 -0.0953887915 -11.8277026 -0.0247107488 0.998540551 0.0480223646 5.05430547 0.0966523531 -0.0454256721 0.994281062 2.55162642
0.994911122 0.0290555176 -0.0964760931 -11.9980427 -0.0244676353 0.99852821 0.0484019549 5.1516413 0.0977404444 -0.0457951014 0.994157741 2.82489845
0.994785404 0.0279570569 -0.0980836512 -12.1095003 -0.023278273 0.998550603 0.0485264333 5.29399812 0.0992981453 -0.0459901696 0.993994357 3.12329688
0.994725146 0.0261028509 -0.0991994182 -12.2578893 -0.021174842 0.998504103 0.0504101342 5.30887733 0.100366874 -0.0480436961 0.993789864 3.38971955
0.994661369 0.0238364012 -0.100402131 -12.4072842 -0.0187246933 0.998494826 0.0515506403 5.33337832 0.10147979 -0.0493954313 0.993610559 3.65232575
0.994597255 0.021617079 -0.101533261 -12.522389 -0.0163869824 0.998509201 0.0520657415 5.3784991 0.102507404 -0.0501206198 0.993468749 3.93922842
0.9945521 0.0193913642 -0.102421163 -12.6430167 -0.0140803268 0.998530805 0.0523256703 5.45245922 0.103285353 -0.0505984818 0.993363946 4.20238299
0.994498515 0.0172078368 -0.103327606 -12.8102696 -0.0117678334 0.998523642 0.0530288013 5.49066257 0.104087569 -0.051521122 0.993232778 4.45530301
0.994425674 0.0150205298 -0.104364569 -12.9748451 -0.00946553844 0.998521934 0.0535196383 5.5240828 0.105014205 -0.0522334355 0.993098024 4.69803389
0.994379666 0.0122269071 -0.105164552 -13.1549467 -0.00655340061 0.9985126 0.0541261516 5.5306969 0.105669926 -0.0531327591 0.992980753 4.95334503
0.994294653 0.00921093005 -0.106269944 -13.3351524 -0.00355760481 0.998574065 0.0532651866 5.62845601 0.106609032 -0.0525832238 0.992909623 5.23202316
0.994129963 0.0056663991 -0.108044013 -13.4850394 0.00023156135 0.998513854 0.0544979764 5.57942675 0.108192251 -0.0542030901 0.992651229 5.44804224
0.994034904 0.00355646561 -0.109004405 -13.6960316 0.00234934889 0.998537992 0.0540033297 5.66609257 0.109037101 -0.053937284 0.992573262 5.66905023
0.993945602 0.000950816332 -0.109869179 -13.9329829 0.0051124463 0.998479247 0.0548913166 5.64428691 0.109754287 -0.055120683 0.992429195 5.88577109
0.993514971 0.00111759329 -0.113695877 -14.3105847 0.00511393646 0.998500548 0.0545023278 5.7281624 0.113586307 -0.0547303122 0.992019528 6.23757174
0.993301323 -0.00297335301 -0.115514682 -14.5862765 0.00938714881 0.998441158 0.0550194071 5.66569434 0.115171021 -0.0557352034 0.991780834 6.42643375
0.993074195 -0.00747928789 -0.117250605 -14.9045124 0.0141526388 0.99831998 0.0561864721 5.51482389 0.116633386 -0.0574567409 0.991511662 6.59245285
0.992858295 -0.0122503287 -0.118669014 -15.2950968 0.0190717127 0.99821938 0.0565184836 5.36569263 0.117765339 -0.0583780666 0.991324027 6.74226694
0.992462092 -0.017536459 -0.121290842 -15.5904096 0.0244921992 0.998124894 0.0560965927 5.23549805 0.120079673 -0.0586444212 0.991030627 6.8697906
0.992111793 -0.0227437073 -0.123275765 -15.9662062 0.029915281 0.997946402 0.0566396988 4.98755044 0.12173441 -0.0598807423 0.990754778 7.00892077
0.991850481 -0.0278266537 -0.124331412 -16.4946373 0.0351170309 0.9977658 0.0568348783 4.73050781 0.122472106 -0.0607378515 0.990611678 7.0779493
0.99129755 -0.0337033187 -0.127252714 -16.9422331 0.0412370995 0.99751989 0.05704008 4.45972291 0.125014673 -0.0617912243 0.99022885 7.16178884
0.990656386 -0.039270982 -0.130605187 -17.3943527 0.0471143317 0.997232273 0.0575155018 4.0696483 0.127985017 -0.0631314752 0.989764746 7.32866894
0.990003412 -0.0433451309 -0.134217897 -17.8124792 0.0511146958 0.997177593 0.0549921446 3.81321258 0.131455437 -0.0613029178 0.989424793 7.48849293
0.98939841 -0.0477223977 -0.137161796 -18.2536376 0.0554707989 0.997040225 0.0532332641 3.51015603 0.134215408 -0.0602773813 0.989117213 7.56382741
0.988838957 -0.0516701565 -0.139741591 -18.7681696 0.0592238853 0.996969302 0.0504454331 3.30438016 0.136711553 -0.0581584494 0.988902192 7.58834996
0.988164137 -0.0568652675 -0.14247098 -19.2676195 0.0643647564 0.996742709 0.0485916722 3.01442636 0.139243732 -0.0571866578 0.988605517 7.60587337
0.987228692 -0.0630197584 -0.146314795 -19.6217423 0.0704633632 0.996441308 0.046256179 2.75159617 0.142879053 -0.0559752597 0.988156034 7.69176799
0.986625641 -0.0684840124 -0.14791817 -20.125065 0.0759458594 0.996078081 0.0453947513 2.4149713 0.144229232 -0.0560213982 0.987957252 7.79402132
0.9858383 -0.0737027177 -0.150634513 -20.6429693 0.0811625801 0.995730003 0.0439817704 2.13592747 0.146749729 -0.0555847995 0.987610676 7.891527
0.985027489 -0.0794867635 -0.152979412 -21.1982 0.0869380357 0.995300741 0.0426405116 1.8978108 0.148871166 -0.0553018056 0.987309013 7.94460989
0.983810025 -0.0855811191 -0.157460178 -21.507934 0.0927207869 0.994945354 0.0385564329 1.91617799 0.15336457 -0.0525320368 0.986772362 8.03813231
0.982851653 -0.0932571484 -0.159077756 -21.967256 0.100406049 0.994239867 0.037492834 1.72937672 0.154664972 -0.0528222628 0.986553878 8.10909116
0.981375137 -0.100591538 -0.163658739 -22.2546334 0.107853188 0.993511747 0.0360846151 1.57818717 0.158967073 -0.0530636609 0.985856844 8.23254811
0.980187978 -0.106815963 -0.166798917 -22.6113581 0.113976436 0.992903706 0.0339352703 1.52615042 0.161990434 -0.05227409 0.985406778 8.33482443
0.978902966 -0.114834624 -0.169002937 -22.9902489 0.121982201 0.992000009 0.0325011493 1.41927238 0.163918658 -0.0524308217 0.985079531 8.4910917
0.977372391 -0.124911192 -0.170705604 -23.4031452 0.13215177 0.990722896 0.0316867968 1.25473245 0.165163914 -0.053528848 0.984812441 8.64393163
0.975636987 -0.133441536 -0.174143121 -23.6456136 0.140734795 0.989587518 0.0301705459 1.19372867 0.168303855 -0.0539434969 0.984258051 8.83839364
0.974174686 -0.141362483 -0.176069106 -23.9572713 0.148879282 0.988394948 0.0301726058 1.03397753 0.169760541 -0.0556064309 0.983915283 9.04115399
0.972836513 -0.149101031 -0.177081905 -24.3162019 0.15656835 0.987244452 0.0288919502 0.987660501 0.170515309 -0.0558325657 0.983771952 9.25057771
0.971066918 -0.158576354 -0.17855694 -24.5646358 0.16585953 0.985792428 0.0265312257 1.0167437 0.171812854 -0.0553789658 0.983571814 9.52730339
0.969406296 -0.167299828 -0.179616815 -24.7978886 0.174797666 0.984243742 0.0266464469 0.807476363 0.17232878 -0.0572278334 0.9833757 9.83855046
0.967835557 -0.176111163 -0.17966411 -25.1039652 0.183801241 0.982593653 0.0269595607 0.568108054 0.171788935 -0.0591149078 0.983358525 10.0875905
0.965968418 -0.185601981 -0.180158044 -25.3310405 0.193036825 0.980885687 0.0244959923 0.563939622 0.172167942 -0.0584394918 0.983332612 10.3280102
0.963929431 -0.193899614 -0.182326609 -25.3260787 0.201207441 0.979294912 0.022294434 0.570482221 0.174228638 -0.0581757315 0.982985232 10.6407576
0.962476479 -0.200524188 -0.182836206 -25.3760186 0.207686806 0.977976205 0.0207058606 0.515063636 0.174657433 -0.0579015714 0.982925322 10.9653945
0.960769897 -0.207494517 -0.184030516 -25.356684 0.214496901 0.976544264 0.0187718044 0.462079888 0.175818899 -0.05750936 0.982741262 11.3066133
0.959108893 -0.214728127 -0.184396209 -25.3569118 0.221608518 0.974982191 0.0173029625 0.386198215 0.176067587 -0.0574591958 0.982699672 11.6250307
0.957448274 -0.220489501 -0.186218106 -25.2316616 0.227246869 0.973714079 0.0154839482 0.351142871 0.177909143 -0.057142561 0.982386413 11.9420413
0.95596959 -0.228241736 -0.184466398 -25.3036366 0.234315133 0.972092371 0.0115256264 0.342119733 0.176687749 -0.0542414168 0.982771239 12.434798
0.954779872 -0.233003004 -0.184675378 -25.1611926 0.238890958 0.970995088 0.00998241138 0.314153602 0.176992953 -0.0536482835 0.982748877 12.7205433
0.953631299 -0.237843051 -0.18443977 -24.9889469 0.243656603 0.969818074 0.00918496454 0.174138729 0.176688442 -0.0536990373 0.982800899 13.1104943
0.952592209 -0.243765208 -0.182062098 -24.9195037 0.249031219 0.96847505 0.00628728618 0.188215783 0.174789978 -0.0513283659 0.983266934 13.4033227
0.951726819 -0.247590872 -0.181424424 -24.704027 0.252845892 0.967487598 0.00605826846 0.0211276651 0.174025909 -0.051638237 0.983386229 13.658441
0.949925219 -0.257060258 -0.177657261 -24.5549701 0.262147464 0.965012886 0.0053700337 -0.214312636 0.170061124 -0.0516735307 0.984077772 13.8913137
0.949883027 -0.257241585 -0.177620389 -24.5387711 0.262275616 0.964979755 0.00505704327 -0.109193272 0.170099198 -0.0513890966 0.984086085 13.841553
0.949903192 -0.25728351 -0.177451744 -24.5793558 0.262374296 0.964950881 0.00543376664 -0.00507623411 0.169834198 -0.0517203286 0.984114502 13.85953
0.949930053 -0.256979164 -0.17774871 -24.5500779 0.262058541 0.965037403 0.00530399947 0.0795017165 0.170171136 -0.0516189961 0.984061616 13.8644472
0.950002422 -0.256726215 -0.177727455 -24.5237452 0.261934395 0.965066535 0.00607914611 0.175658694 0.169958143 -0.0523281369 0.984060972 13.8268638
0.950004624 -0.256825712 -0.177571866 -24.516843 0.262138984 0.965006677 0.00672809571 0.318165141 0.169630089 -0.0529402307 0.984084836 13.7946901
0.950085302 -0.256224364 -0.17800841 -24.4580376 0.261557333 0.965164274 0.00675909406 0.492890183 0.170075513 -0.0529811209 0.984005752 13.8190843
0.950569918 -0.254041925 -0.1785484 -24.3554893 0.259293485 0.965777894 0.00632047786 0.713600751 0.170832431 -0.0523044929 0.98391083 13.8923267
0.951496725 -0.249687034 -0.179750845 -24.1701804 0.254957842 0.966930578 0.00646185393 0.95398662 0.172193147 -0.0519773205 0.983690946 13.9607162
0.953255334 -0.243310399 -0.17917678 -24.1029846 0.248574103 0.968586229 0.00718557153 1.22022129 0.171799838 -0.0513883918 0.983790653 14.0001176
0.955038729 -0.236708722 -0.178521729 -24.0345361 0.242112015 0.97020847 0.00879189544 1.45604039 0.171122175 -0.0516188561 0.983896689 14.0486666
0.956664819 -0.230581281 -0.177833341 -23.9586444 0.235925079 0.971727539 0.0092167291 1.78549941 0.17068035 -0.0507726655 0.984017456 14.1085453
0.958429039 -0.223234668 -0.177707792 -23.787063 0.228601522 0.973468172 0.0100529823 2.12874917 0.170748705 -0.0502593419 0.98403195 14.2074641
0.960354876 -0.215395732 -0.176983588 -23.6288006 0.220889198 0.975228645 0.0117069021 2.44276776 0.170077848 -0.0503365433 0.984144175 14.3156611
0.962503293 -0.206057734 -0.176430218 -23.4491218 0.211709097 0.977237793 0.0136218053 2.76886501 0.169607399 -0.0504629147 0.984218891 14.4276272
0.964679686 -0.196429226 -0.175523968 -23.2786785 0.202199995 0.979222513 0.015441238 3.11631661 0.16884391 -0.0503867941 0.984354055 14.5545025
0.966715038 -0.187090788 -0.174525275 -23.0665971 0.192873424 0.981082736 0.0166285208 3.49736242 0.168112692 -0.0497363285 0.984512275 14.6926258
0.968740133 -0.177199295 -0.173617292 -22.7954037 0.183088245 0.982924619 0.0183817003 3.83294001 0.167395486 -0.0495943761 0.984641635 14.8330043
0.97086958 -0.166588318 -0.172222507 -22.5363567 0.172629328 0.984771254 0.0206080845 4.15329478 0.166166708 -0.0497384179 0.984842482 14.9707806
0.972991447 -0.155162359 -0.170916022 -22.2516442 0.161305856 0.986646175 0.0225775773 4.47986581 0.165130449 -0.0495375447 0.985026886 15.1012827
0.975089996 -0.143060258 -0.169508886 -21.9633677 0.149264679 0.988496779 0.0243756604 4.81134372 0.164071799 -0.0490701521 0.985227164 15.2364459
0.977030736 -0.1310979 -0.168000836 -21.6593353 0.137413369 0.990159682 0.0264833783 5.08776872 0.162875739 -0.0489606354 0.985431048 15.3773531
0.978883014 -0.119312713 -0.165989525 -21.3781303 0.125865149 0.991608824 0.029494134 5.23532642 0.161077652 -0.0497636031 0.985686347 15.506351
0.980472059 -0.107714857 -0.164535864 -21.0516195 0.114316453 0.992955379 0.0311667064 5.42652474 0.160019654 -0.0493672412 0.985878586 15.6291422
0.982018785 -0.097783452 -0.1614853 -20.8059122 0.104403358 0.993987074 0.0330096409 5.60133087 0.157286504 -0.0492756951 0.986322899 15.675642
0.983179058 -0.0886624125 -0.159680671 -20.5189237 0.0954730678 0.994799435 0.0354820843 5.69499279 0.155704314 -0.0501304457 0.986530843 15.7488242
0.984179771 -0.0796173346 -0.158275895 -20.1920255 0.08625352 0.995640554 0.035499546 5.90023047 0.15475952 -0.0485897881 0.986756567 15.8489111
0.985156086 -0.0709642619 -0.156305982 -19.8441951 0.0775283378 0.996329132 0.0362990101 6.04037842 0.15315627 -0.0478783337 0.987041449 15.968994
0.986255225 -0.0637273524 -0.152444924 -19.6884597 0.070541955 0.996717935 0.0397138624 5.99439993 0.14941373 -0.0499217672 0.987513724 15.9987453
0.986912099 -0.0550582113 -0.1515688 -19.4070366 0.0617891152 0.997285005 0.0400590158 6.13926242 0.148951714 -0.0489000294 0.987634636 16.0630982
0.987533922 -0.0457028519 -0.150625369 -19.0432789 0.052159098 0.997869414 0.0391926048 6.39721843 0.148513235 -0.0465605102 0.987813716 16.1378856
0.988287254 -0.0372532783 -0.147988166 -18.7890306 0.0439037953 0.998155507 0.0419290041 6.37098037 0.14615321 -0.0479351425 0.988099925 16.2160314
0.988791954 -0.0288812056 -0.146479857 -18.5229342 0.0354606262 0.99846672 0.0425059074 6.41004931 0.14502764 -0.0472237667 0.988300005 16.3130428
0.989373188 -0.0203013934 -0.143974121 -18.261577 0.0265186602 0.99879082 0.0413963702 6.62055232 0.142959627 -0.0447744596 0.988715223 16.3343612
0.989863851 -0.0124531304 -0.141472527 -18.0039965 0.0186871912 0.998907904 0.0428227641 6.72157684 0.140784748 -0.0450324304 0.989015538 16.3717752
0.990240143 -0.00340196189 -0.139330134 -17.8172498 0.00977472742 0.998935563 0.0450798876 6.71079661 0.139028465 -0.0460018284 0.989219348 16.4340497
0.990290313 0.00747869718 -0.138813418 -17.513953 -0.00144550684 0.999051832 0.0435126142 6.92041015 0.139007217 -0.0428894646 0.989362162 16.5716559
0.990479386 0.018606983 -0.136397821 -17.2546568 -0.0126555659 0.998934965 0.0443708606 7.00750952 0.13707816 -0.0422222312 0.989659972 16.6720712
0.990650999 0.0291415403 -0.133271783 -17.1245814 -0.0232010032 0.998675995 0.0459126422 7.04776983 0.134433296 -0.0423913658 0.990015485 16.7282894
0.990519122 0.039531039 -0.131564307 -16.9793229 -0.0335663332 0.998318929 0.0472505787 7.0930823 0.133211003 -0.0423864703 0.990180901 16.7757969
0.990167544 0.0490744673 -0.130995919 -16.7006797 -0.0434468764 0.998020037 0.0454793916 7.37288804 0.132968429 -0.039340854 0.990339181 16.8893173
0.989934188 0.0576088309 -0.12927307 -16.464498 -0.0519405683 0.997552926 0.0468010358 7.4226537 0.131652882 -0.0396154286 0.990503981 17.0284917
0.989522109 0.0669535702 -0.127918782 -16.2672184 -0.0611254734 0.996928574 0.0489601284 7.36639783 0.130803944 -0.0406280334 0.990575434 17.1860954
0.989053194 0.0767051031 -0.126055969 -16.1200183 -0.0709940082 0.996262765 0.0491970959 7.45980682 0.129358537 -0.0397093263 0.990802472 17.2872005
0.988468959 0.0864508524 -0.124319615 -15.9583938 -0.080722045 0.995460984 0.0504121154 7.53529196 0.128113497 -0.0397954777 0.990960772 17.3707112
0.987709608 0.0959583495 -0.12337636 -15.7673788 -0.0902440615 0.994607273 0.0511114593 7.62153428 0.127615597 -0.0393492956 0.991042831 17.4945904
0.986804058 0.105460631 -0.122864993 -15.5234529 -0.099846875 0.993694813 0.0510021634 7.72781911 0.127469027 -0.0380614561 0.991111988 17.6140265
0.98593975 0.114999302 -0.121235183 -15.3407015 -0.10950142 0.992672389 0.0510976179 7.81066907 0.126223009 -0.037103748 0.991307754 17.7415867
0.984997864 0.124669194 -0.11931806 -15.2241709 -0.119104426 0.991481465 0.0527128067 7.80487027 0.124873309 -0.0377106929 0.991455778 17.8307601
0.984056366 0.133316039 -0.117728085 -15.1343843 -0.127695627 0.990337258 0.0540919879 7.7971012 0.123801839 -0.0381962035 0.991571558 17.9089028
0.982317562 0.147060987 -0.115867485 -14.9254731 -0.141509896 0.988418597 0.0548053523 7.86351401 0.122585306 -0.0374398644 0.991751531 18.0654487
0.980111507 0.164326858 -0.111256992 -14.7000891 -0.158751861 0.985654411 0.0572994702 7.72308779 0.119076787 -0.0384976154 0.992138424 18.2797855
0.980116496 0.164208086 -0.111388326 -14.6813322 -0.158676786 0.985690367 0.0568874156 7.7102168 0.119135774 -0.038081553 0.9921474 18.3170034
0.980109686 0.164193519 -0.111469691 -14.6962262 -0.158665048 0.985695163 0.0568370371 7.68119185 0.119207409 -0.0380201867 0.992141149 18.3857526
0.980077918 0.164232194 -0.111691811 -14.7154201 -0.158720023 0.985698093 0.0566323588 7.64534449 0.119395262 -0.0377763975 0.992127872 18.4939064
0.979945514 0.164494662 -0.112464645 -14.7049319 -0.15901818 0.985680125 0.0561062268 7.60703258 0.12008334 -0.0370971221 0.992070459 18.6727003
0.979877812 0.164668078 -0.112800253 -14.7013099 -0.159339405 0.985702189 0.0547918736 7.60279924 0.120209929 -0.035715816 0.992105818 18.8696681
0.979899521 0.16464432 -0.112646245 -14.7360455 -0.159427852 0.985736565 0.0539090348 7.60164459 0.119915339 -0.0348664885 0.992171678 19.0506196
0.979807798 0.164736309 -0.113307669 -14.752006 -0.159563158 0.985744282 0.0533648602 7.57698793 0.120483517 -0.0342075766 0.99212578 19.2996799
0.97960629 0.164901035 -0.114800548 -14.7262586 -0.159777554 0.985753384 0.0525490173 7.53982256 0.121830416 -0.0331347972 0.991997699 19.6615414
0.979794063 0.164672212 -0.113519415 -14.8566381 -0.159746103 0.985825961 0.0512675153 7.49886879 0.120352721 -0.032097323 0.992212167 20.0535721
0.979951444 0.164090161 -0.113002597 -14.9621222 -0.159195944 0.985922948 0.0511135189 7.38402307 0.119799079 -0.0320992116 0.992279105 20.4701387
0.98001696 0.163756966 -0.112917731 -15.0640283 -0.159068624 0.986030286 0.0494110092 7.38757954 0.1194317 -0.0304619589 0.992374999 20.8884286
0.980164173 0.162853973 -0.112945905 -15.1814183 -0.158250882 0.986199745 0.0486489698 7.36145084 0.1193099 -0.0298101882 0.992409442 21.3086083
0.980285138 0.161789439 -0.113424979 -15.3042608 -0.157290477 0.98640404 0.0476106675 7.35381299 0.11958576 -0.0288313608 0.992405158 21.7936635
0.980543581 0.160123398 -0.113555196 -15.5011358 -0.155687902 0.986689142 0.0469661067 7.33025431 0.119564052 -0.0283731442 0.99242098 22.3353951
0.980896208 0.157873382 -0.113660129 -15.7528451 -0.153287999 0.987011839 0.0480668138 7.18772755 0.119772363 -0.0297258217 0.992356265 22.9155736
0.98116645 0.155887023 -0.11406855 -16.0414471 -0.15121701 0.987307059 0.0485611638 7.0574833 0.12019074 -0.0303974796 0.992285332 23.4872384
0.981662758 0.153289719 -0.113315897 -16.434489 -0.148675915 0.987712845 0.0481540117 7.03344964 0.119305082 -0.0304236552 0.992391404 23.9490233
0.982152652 0.149924427 -0.113573035 -16.851952 -0.144941982 0.988126313 0.050972653 6.88406445 0.11986655 -0.0336014256 0.992221222 24.400929
0.98222952 0.147947824 -0.115484251 -17.2361261 -0.142778887 0.988394924 0.0518619669 6.82573157 0.121816913 -0.0344516419 0.991954497 24.861737
0.982065061 0.147241237 -0.11776347 -17.6226896 -0.142052642 0.988526396 0.0513479493 6.84375257 0.123972834 -0.0336984148 0.991713241 25.3567713
0.982158134 0.146106741 -0.118398566 -18.1548607 -0.140730921 0.98864936 0.0526046689 6.81882703 0.124740564 -0.0350037642 0.991571746 25.7675631
0.982081313 0.145001573 -0.120377897 -18.7507598 -0.138994418 0.988655568 0.0569273247 6.62242048 0.12726683 -0.039175406 0.991094567 26.1784704
0.982005302 0.143938833 -0.122258739 -19.3851191 -0.13784463 0.988814294 0.0569662244 6.64531966 0.129090841 -0.0390884237 0.990862074 26.4741261
0.981690197 0.143849035 -0.124867181 -19.9657183 -0.137559679 0.988814168 0.0576530619 6.70013643 0.131763775 -0.0394207564 0.990497002 26.7519849
0.980960791 0.145338597 -0.128812341 -20.55298 -0.138544772 0.988520689 0.0602676857 6.62787507 0.136092885 -0.0412739603 0.989835939 27.0246137
0.980049545 0.148130313 -0.132515281 -21.1387506 -0.141340588 0.988182944 0.0593068952 6.75369784 0.139734489 -0.0393939079 0.98940507 27.255346
0.979344545 0.150019023 -0.135567528 -21.7311319 -0.143005179 0.987893743 0.060128795 6.82810663 0.142946775 -0.0394999489 0.988941845 27.4441886
0.979198734 0.151872555 -0.134553208 -22.5843602 -0.144863624 0.987600847 0.0604904678 6.94357058 0.142071704 -0.0397403241 0.989058309 27.48555
0.978105643 0.154612586 -0.139299313 -23.1690122 -0.147145624 0.987140867 0.0624585807 6.94108719 0.147164927 -0.040593806 0.988278618 27.6120828
0.977008036 0.157422847 -0.143782281 -23.683438 -0.149914822 0.986771396 0.061707028 7.07292907 0.151594338 -0.0387331672 0.987683602 27.7151445
0.976072807 0.159893146 -0.147363688 -24.1826742 -0.152228651 0.986400479 0.0619720387 7.16094863 0.155268517 -0.0380562463 0.987139002 27.8080186
0.975312429 0.161586285 -0.15051757 -24.6740085 -0.153634735 0.986109941 0.0631153938 7.19060739 0.158625454 -0.0384325012 0.986590547 27.8633355
0.974572607 0.163032248 -0.153716362 -25.1479012 -0.155106376 0.98593153 0.062297915 7.31052103 0.161710378 -0.0368714535 0.986149203 27.903759
0.97276971 0.165150335 -0.162617522 -25.7673572 -0.157080429 0.985676442 0.061381524 7.39889896 0.17042544 -0.0341660572 0.984778071 28.0378074
0.971653406 0.166357652 -0.167972588 -26.2554924 -0.157997481 0.985487299 0.0620610927 7.2633915 0.175859189 -0.0337626264 0.983836181 28.1738728
0.970709964 0.166848024 -0.172869611 -26.5506622 -0.159139647 0.985572627 0.0576295854 7.35666055 0.17999094 -0.0284312038 0.983257305 28.1510938
0.96969758 0.166816198 -0.178490784 -26.5208065 -0.159165462 0.985636115 0.0564606537 7.21391486 0.185345514 -0.0263401912 0.982320332 28.3522618
0.970495422 0.163325099 -0.17737967 -26.6079176 -0.156375489 0.986297496 0.052573331 6.97223309 0.183535669 -0.0232843444 0.982737247 28.4590317
0.970035798 0.16325544 -0.179939467 -26.3754115 -0.15708285 0.986411757 0.0481333962 6.86704709 0.185352444 -0.0184257131 0.982499346 28.4664865
0.970424491 0.159760949 -0.180977201 -25.9708493 -0.154247959 0.987041655 0.0442305152 6.62822662 0.185698345 -0.0150070113 0.982492195 28.7044571
0.971015649 0.157946432 -0.179392122 -25.8664943 -0.152286567 0.987312126 0.0449840734 6.35704985 0.184221091 -0.0163612288 0.982748645 28.8124522
0.97181602 0.155774535 -0.176940437 -25.6752102 -0.150358868 0.987665275 0.0436979954 6.06624171 0.18156496 -0.0158618481 0.983251019 28.8039803
0.971997762 0.155351398 -0.176313058 -25.4756546 -0.150365541 0.987764153 0.0413785161 6.00710896 0.180583929 -0.0137084167 0.983464043 28.8108425
0.972833382 0.153459252 -0.17333629 -25.1574535 -0.148776021 0.9880707 0.0397741945 5.71077736 0.177372228 -0.0129053807 0.984059218 28.9254962
0.973142942 0.152835012 -0.172146083 -25.0622924 -0.148171632 0.988164554 0.0396986266 5.53538826 0.176175997 -0.0131252721 0.984271175 28.9486259
0.973415671 0.152418366 -0.170969507 -24.9631515 -0.147842712 0.988231357 0.0392596104 5.38461884 0.174941314 -0.0129393245 0.984493835 28.9268927
0.973432526 0.154542837 -0.168954517 -24.8449594 -0.149991795 0.987899713 0.0394540092 4.94508869 0.173007453 -0.0130640246 0.98483387 28.7531867
0.972898628 0.157175471 -0.169599916 -24.7319277 -0.152837026 0.987504193 0.0384227988 4.77646424 0.17351975 -0.0114603413 0.984763706 28.6461807
0.97260662 0.159750352 -0.168867367 -24.6885874 -0.155633828 0.987105583 0.0374256579 4.60697751 0.172668683 -0.0101189679 0.984927983 28.5328939
0.972517042 0.161178429 -0.168024153 -24.7298234 -0.157070118 0.986873329 0.0375501134 4.33857291 0.171870824 -0.0101265516 0.985067446 28.418265
0.972542118 0.161917887 -0.167165867 -24.8470494 -0.157885516 0.986755457 0.0372267654 4.07910619 0.170979511 -0.00981152802 0.985225731 28.2502767
0.97230322 0.163515478 -0.167000408 -25.0612663 -0.159927152 0.986514967 0.0348069896 3.76130484 0.170439883 -0.00713504851 0.985342244 27.8476379
0.972001672 0.164507286 -0.167779923 -25.3363694 -0.161322617 0.986365347 0.03253329 3.51921812 0.170844265 -0.00455571594 0.985287513 27.4807083
0.971851045 0.165271854 -0.167901041 -25.5166908 -0.162414802 0.986244696 0.0307055526 3.52089698 0.170666275 -0.002571609 0.985325535 27.2942519
0.971501594 0.165582941 -0.169608201 -25.6422075 -0.162687826 0.986192822 0.0309255426 3.40766585 0.172387133 -0.00245102437 0.985026228 27.1882953
0.971273473 0.166330727 -0.170182048 -25.8611353 -0.163370452 0.986066462 0.0313532808 3.25468831 0.173025824 -0.00264989181 0.984913723 27.0298687
0.971211778 0.166717448 -0.17015574 -26.1081138 -0.163973616 0.986003739 0.0301542569 3.29220012 0.172801437 -0.00138511754 0.984955707 26.7573122
0.970962686 0.167345498 -0.170958903 -26.325861 -0.164892625 0.985898202 0.0285509543 3.47865078 0.173325949 0.000467951054 0.984864405 26.5310087
0.970453803 0.167697942 -0.17348434 -26.4333358 -0.164924398 0.985838035 0.0303860289 3.45874679 0.176123135 -0.000876436978 0.984367753 26.379602
0.970296281 0.167663763 -0.17439607 -26.6372155 -0.165061661 0.985844211 0.0294251689 3.60756623 0.176860891 0.000234973044 0.984235831 26.2245983
0.970219388 0.167090639 -0.175371201 -26.8701997 -0.164287989 0.985941242 0.030484823 3.66679627 0.177999428 -0.000765584447 0.984030293 26.0867012
0.970144999 0.166488403 -0.176352748 -27.1360918 -0.163316123 0.986039753 0.0324568992 3.69575731 0.179294517 -0.00268665132 0.983791776 25.9039291
0.969986131 0.166390968 -0.177315965 -27.4144868 -0.162986043 0.986052571 0.0337027743 3.79569922 0.1804507 -0.00379119613 0.983576724 25.6369643
0.969703962 0.166443322 -0.178803932 -27.6483662 -0.162940349 0.986042763 0.0342069142 3.96083051 0.182001835 -0.00403620516 0.983289907 25.3773134
0.969382166 0.166182437 -0.180780567 -27.8494189 -0.162381102 0.986080865 0.035733798 4.02706003 0.184202588 -0.00528435866 0.982874093 25.1661705
0.969311256 0.165659909 -0.18163833 -28.1422425 -0.161556489 0.986159665 0.0372641442 4.04451539 0.185297569 -0.00677570374 0.982659097 24.936625
0.969286766 0.165070334 -0.182304552 -28.4972646 -0.160664712 0.986246875 0.038780828 4.06132853 0.186198859 -0.008299835 0.982477021 24.6482398
0.968889912 0.165068675 -0.184403555 -28.8022401 -0.160657954 0.986250558 0.0387150964 4.18647412 0.188258759 -0.00788476842 0.982087812 24.3340534
0.968463267 0.164383495 -0.18723506 -29.0544628 -0.159808279 0.986362289 0.0393795485 4.22934373 0.19115495 -0.00821593344 0.981525488 24.0541631
0.968632381 0.162375017 -0.188110776 -29.409181 -0.157520144 0.986681687 0.0405789806 4.16740643 0.192194471 -0.00967487802 0.981309167 23.7683558
0.968873423 0.159444866 -0.18937166 -29.8079037 -0.154219471 0.987138709 0.042113234 4.01828586 0.193650835 -0.0115975959 0.981001962 23.470839
0.968642836 0.157235825 -0.192374506 -30.0904081 -0.152080712 0.987501836 0.0413712493 4.00616021 0.196475221 -0.0108175123 0.980449116 23.1230213
0.9684494 0.155209833 -0.194976071 -30.3567925 -0.149981435 0.987822024 0.041391032 3.95902037 0.199025953 -0.0108423292 0.97993424 22.7447289
0.968575079 0.152162979 -0.19674538 -30.7216582 -0.146708285 0.988283666 0.0420960221 3.80244831 0.200845701 -0.0119089807 0.979550499 22.3841344
0.968494224 0.148155667 -0.200172016 -30.9791681 -0.142738031 0.988897884 0.0413137978 3.66462226 0.204070556 -0.0114400151 0.978889337 22.0268509
0.968362677 0.144273273 -0.203614708 -31.1554613 -0.139064707 0.989485669 0.0397381123 3.58475431 0.207206983 -0.0101652852 0.978244312 21.6671241
0.96902025 0.139788995 -0.203614324 -31.5691339 -0.134275106 0.990107182 0.0407181113 3.34384155 0.207291948 -0.0121163394 0.97820409 21.2828223
0.96921089 0.135498915 -0.205597408 -31.9398659 -0.130257791 0.990717497 0.0388812163 3.27708736 0.208957312 -0.0109034342 0.977863977 20.821884
0.968774813 0.131254771 -0.210351006 -32.0229432 -0.126526853 0.991315535 0.0358394536 3.30681077 0.213228319 -0.00810530905 0.976968775 20.4389003
0.969127096 0.126157117 -0.21184205 -32.2582146 -0.121384017 0.991972712 0.0354409226 3.14673019 0.214612657 -0.00863251941 0.976661091 20.1086556
0.969101183 0.122312928 -0.214201877 -32.5394002 -0.117607625 0.992456355 0.0346241311 2.98596679 0.216820993 -0.00836251241 0.976175561 19.78996
0.969147252 0.11439318 -0.218329576 -32.9675088 -0.109927915 0.993407034 0.0325317949 2.814473 0.220611553 -0.00752758462 0.975332701 19.0854299
0.968133224 0.109212135 -0.225368075 -33.3148034 -0.104808639 0.993995026 0.0314489677 2.55971217 0.227449355 -0.00682626925 0.973765985 18.465183
0.967894989 0.106282625 -0.227779048 -33.4459683 -0.10208531 0.994318198 0.0301647077 2.49687823 0.229690837 -0.00594337464 0.973245496 18.1841635
0.968182893 0.103412157 -0.227876747 -33.8160653 -0.0990867699 0.994615164 0.0303724872 2.39700385 0.229790553 -0.00682655167 0.973216163 17.8571537
0.96770755 0.10243732 -0.23032302 -34.1234524 -0.0980819025 0.99471661 0.0303118024 2.38276997 0.232211194 -0.00674243998 0.972642021 17.4560404
0.966915135 0.101521945 -0.23402653 -34.3157567 -0.0976740083 0.994824347 0.0280054825 2.56630123 0.235658461 -0.00422061565 0.971826773 17.1070502
0.96690109 0.0993378989 -0.235019711 -34.7000682 -0.0950083399 0.995033233 0.0297032247 2.46308865 0.236803078 -0.00639124776 0.971536646 16.7808097
0.967340824 0.0973792363 -0.234027806 -35.3308419 -0.0924992853 0.99520592 0.0317657016 2.30247751 0.235999178 -0.00908085515 0.971710824 16.3787082
0.966295927 0.09651846 -0.238655335 -35.5745305 -0.0920074028 0.995306379 0.0299974876 2.4566053 0.240430488 -0.00702839258 0.970640913 15.9295957
0.966010308 0.0948677496 -0.240466618 -35.982996 -0.0902033682 0.995460615 0.0303565 2.50839975 0.2422549 -0.00763379308 0.970182606 15.4520561
0.965090333 0.0939971611 -0.244469184 -36.3051829 -0.0893560074 0.995546869 0.0300322533 2.63956821 0.246203477 -0.0071390471 0.96919187 14.9407566
0.963973801 0.0930922801 -0.249175316 -36.5144368 -0.0887808336 0.995643046 0.0285111858 2.89758346 0.250743842 -0.00536204391 0.968038622 14.4252938
0.96339614 0.0921518154 -0.251745746 -36.871017 -0.0871455393 0.995713508 0.0309881353 2.91073693 0.253522253 -0.0079153311 0.96729717 13.9565697
0.962788887 0.0923138468 -0.253999435 -37.2910887 -0.0874486891 0.995704923 0.0304044993 3.19647946 0.255715244 -0.00706119649 0.966726359 13.3801288
0.961103 0.0936321387 -0.259834653 -37.4745575 -0.0885764459 0.995582954 0.0311254613 3.50149388 0.261601295 -0.0068995441 0.965151366 12.7883831
0.959686514 0.0951663531 -0.264471472 -37.6521891 -0.0899583359 0.995438893 0.0317633026 3.87597409 0.266287987 -0.00669139967 0.963870288 12.2378523
0.958207259 0.0970948121 -0.26909375 -37.7886986 -0.0909432626 0.995231517 0.0352640026 4.07652 0.271234533 -0.00931795969 0.962468183 11.6853696
0.957674784 0.0994455388 -0.270128846 -38.2290687 -0.0928324709 0.99498728 0.0371812558 4.42845621 0.272472275 -0.0105308229 0.962106003 11.0609109
0.95565037 0.102943176 -0.275925846 -38.2637678 -0.0963221908 0.994644327 0.037479305 5.00502156 0.278306317 -0.00923932972 0.960447931 10.4595112
0.954786612 0.105912011 -0.277786197 -38.5242953 -0.0988100956 0.994322667 0.0394841681 5.51254887 0.280390959 -0.0102508745 0.959831146 9.92667942
0.95448069 0.107956662 -0.278050303 -38.9668299 -0.100190985 0.994079987 0.0420326692 5.93451382 0.280941948 -0.0122612374 0.959646437 9.41313888
0.951881112 0.11190878 -0.285304703 -38.9077229 -0.103658995 0.993643367 0.0439052624 6.44043435 0.28840451 -0.0122181912 0.957430705 8.86366965
0.949939643 0.116880046 -0.2897477 -38.9417838 -0.108497327 0.993082859 0.0448861467 7.09156819 0.292989769 -0.0112022792 0.956049949 8.34134406
0.948723093 0.123198789 -0.29111261 -39.1877542 -0.113725508 0.992287798 0.0493095746 7.49016231 0.29494237 -0.0136742026 0.955417194 7.83627276
0.945790167 0.130261468 -0.297511192 -39.1370709 -0.119456883 0.991353553 0.0542971978 7.82827745 0.30201161 -0.0158139963 0.953173072 7.40503795
0.94279731 0.140379897 -0.302368512 -39.1122448 -0.129203957 0.989992348 0.0567581617 8.41779078 0.307310218 -0.0144442339 0.951499761 6.88980144
0.940746555 0.149128976 -0.304559465 -39.2410953 -0.137653337 0.988725268 0.0589398332 9.08012787 0.309915275 -0.0135238185 0.950667991 6.49087486
0.940054524 0.157122924 -0.302671239 -39.7059515 -0.145113352 0.987475747 0.0619173913 9.62797965 0.308609149 -0.0142840858 0.951081678 6.10081423
0.93791785 0.166256594 -0.304415591 -39.9802492 -0.153619564 0.98597778 0.0651831813 10.1525572 0.310984142 -0.0143722791 0.950306425 5.71313431
0.934949328 0.176394035 -0.307822836 -40.0106569 -0.163052422 0.984218759 0.0687556717 10.6919808 0.3150931 -0.0140918099 0.948956142 5.30800294
0.932682129 0.185789133 -0.309170575 -40.1720175 -0.173152997 0.982539124 0.0680801727 11.5505972 0.316420742 -0.00996334887 0.948566627 4.96302654
0.930899465 0.195507906 -0.308549583 -40.499164 -0.182321501 0.980649861 0.0713072211 12.0968576 0.316520231 -0.010124631 0.948531726 4.55586267
0.928387866 0.204315031 -0.310405119 -40.6231888 -0.191533387 0.978880916 0.0714640687 12.897059 0.318450831 -0.00689343039 0.947914315 4.21116816
0.926168549 0.212677428 -0.311416329 -40.8465381 -0.199794968 0.977107074 0.0731008677 13.5789062 0.319834002 -0.00548430921 0.947457721 3.91355878
0.922847557 0.22160588 -0.315028919 -40.9085941 -0.206997941 0.975101814 0.0795506386 13.8939483 0.32481416 -0.00820277496 0.945742288 3.63829321
0.919715959 0.230045952 -0.318121699 -41.0338859 -0.214411813 0.973139139 0.0838319219 14.3638399 0.32886187 -0.00889250632 0.944336166 3.39572642
0.917200257 0.23880394 -0.318930034 -41.3195002 -0.221818334 0.971005376 0.0891357774 14.7711471 0.330968752 -0.0110108292 0.943577473 3.1702916
0.915394934 0.246311022 -0.318406964 -41.7349707 -0.23109027 0.969180101 0.0853652141 15.844593 0.329620087 -0.00456213326 0.944102635 3.10250823
0.911682989 0.256347616 -0.321123072 -41.8713034 -0.237983325 0.966521821 0.095914053 15.7386241 0.334959796 -0.0110212739 0.942167961 3.0158215
