0.999999505 -0.000594878767 -0.0007976111 -0.0615131472 0.000594109395 0.999999358 -0.000964486005 -0.135748686 0.00079818434 0.000964011659 0.999999217 0.00407808306
0.99999962 -0.000396916123 -0.000776750493 -0.111215537 0.000394992619 0.999996859 -0.00247493553 -0.305368286 0.000777730395 0.00247462778 0.999996636 -0.0277977456
0.999997685 -0.000706961237 -0.00203221873 -0.121155397 0.000697871404 0.999989766 -0.00447009627 -0.493452402 0.00203535812 0.00446866769 0.999987944 -0.196089105
0.999996001 -0.00119130575 -0.00256473781 -0.191207674 0.00117591287 0.999981339 -0.00599490095 -0.709465124 0.00257183171 0.00599186107 0.999978741 -0.453459217
0.999996195 -0.00097579367 -0.00258017282 -0.322131235 0.000955433619 0.999968492 -0.00788045669 -0.998922403 0.00258778123 0.00787796152 0.99996562 -0.587453995
0.999995304 -0.000987147368 -0.00290120666 -0.330710438 0.000962379186 0.999963188 -0.00852623228 -1.03231037 0.0029095165 0.00852340019 0.999959442 -0.591585107
0.999995262 -0.000922065894 -0.00293693535 -0.374140591 0.000896026059 0.999960389 -0.00885533832 -1.10099446 0.00294498423 0.00885266479 0.999956478 -0.560662508
0.999995768 -0.000887341872 -0.00277080386 -0.407418872 0.000864419111 0.999965485 -0.00826323132 -1.13629061 0.00277804054 0.00826080121 0.99996202 -0.515570962
0.999995685 -0.00112995791 -0.00271179479 -0.449711056 0.00110677237 0.999962953 -0.00853621377 -1.19023752 0.00272133989 0.0085331756 0.999959889 -0.461073417
0.999993098 -0.0022004351 -0.00299361722 -0.527394121 0.00217316403 0.99995639 -0.00908269336 -1.3365237 0.00301347255 0.00907612505 0.99995427 -0.345539488
0.999991678 -0.00267024202 -0.00308446604 -0.564471197 0.00264037606 0.999949985 -0.00964652598 -1.39475232 0.00311007033 0.00963830155 0.999948714 -0.277707808
0.999984398 -0.00455758761 -0.00322980309 -0.603540351 0.00452416671 0.99993692 -0.0102804998 -1.45446555 0.00327645364 0.0102657273 0.999941938 -0.221245479
0.999947239 -0.0093526168 -0.00424830945 -0.619586682 0.00930317347 0.999890448 -0.0115127151 -1.54777873 0.00435551805 0.011472585 0.999924702 -0.150631719
0.999882614 -0.0145499966 -0.0048015926 -0.660565433 0.0144889607 0.999816761 -0.0125105716 -1.66239635 0.00498274153 0.012439533 0.999910211 -0.0738481957
0.999851858 -0.0164249352 -0.00514623222 -0.743360319 0.0163542242 0.999775205 -0.0134936576 -1.79675665 0.00536670782 0.013407496 0.999895713 0.0171578633
0.999724148 -0.0228328295 -0.00550358266 -0.83805062 0.0227516581 0.999637639 -0.0143858699 -1.93407372 0.00583005849 0.0142566859 0.999881372 0.125341872
0.999582564 -0.0281612686 -0.00645288561 -0.912284007 0.0280533488 0.999474412 -0.0162452986 -2.09661502 0.00690698227 0.0160574922 0.999847214 0.232099616
0.999450155 -0.032335461 -0.00733523531 -0.924993487 0.0322071391 0.999336886 -0.0169849673 -2.16703151 0.00787958795 0.0167393813 0.999828838 0.271949351
0.999306642 -0.0363753821 -0.00794143606 -1.02051076 0.0362271371 0.999180112 -0.0180747732 -2.28437427 0.00859240176 0.0177745454 0.999805099 0.399170489
0.999094634 -0.0415726044 -0.00903493785 -1.21490392 0.0413907676 0.998953538 -0.0194585039 -2.486256 0.00983442381 0.0190669238 0.999769842 0.522309942
0.99900153 -0.0435112813 -0.0101346636 -1.32885136 0.0432970642 0.998852397 -0.0204756872 -2.61361395 0.0110139564 0.0200164416 0.999738983 0.60316237
0.998845741 -0.0466928572 -0.0112677624 -1.48375825 0.0464403676 0.998684987 -0.0217161195 -2.77142662 0.0122669328 0.0211677744 0.999700679 0.69717489
0.998689334 -0.0497490017 -0.0120271123 -1.61665855 0.0494672939 0.998518118 -0.0226838059 -2.90496472 0.0131377862 0.0220591263 0.999670342 0.785054124
0.998548607 -0.0521998648 -0.0132610124 -1.73134914 0.0518717127 0.998365584 -0.0239892751 -3.02285652 0.0144915753 0.0232665858 0.99962426 0.865057251
0.99823787 -0.0575398202 -0.0145025422 -1.92560117 0.0571607935 0.998043872 -0.0253194359 -3.25104669 0.0159310492 0.024445843 0.999574211 0.953836573
0.998062982 -0.0602028523 -0.015681236 -2.03745084 0.0597767824 0.997863833 -0.026353495 -3.38518107 0.0172342939 0.025365074 0.999529685 0.995829165
0.997739496 -0.0648980214 -0.0174397773 -2.159456 0.0643943883 0.997530627 -0.028035876 -3.54114677 0.0192161849 0.026849477 0.999454773 1.05117839
0.997469807 -0.0686461624 -0.0184848241 -2.31127771 0.0680884419 0.997249607 -0.0292777212 -3.70681555 0.0204437868 0.02794504 0.999400383 1.14890812
0.997283566 -0.071076353 -0.0193297825 -2.41887954 0.0704791822 0.997062154 -0.0299957598 -3.82908175 0.0214049838 0.028551931 0.999363104 1.20125923
0.997002109 -0.0747098899 -0.0201302463 -2.53487277 0.0740711394 0.996777189 -0.0308010037 -3.96387351 0.0223665099 0.0292175953 0.999322806 1.27049076
0.996536096 -0.0803225394 -0.0215429561 -2.6244637 0.0796132169 0.996312738 -0.0319791208 -4.11093428 0.0240321658 0.0301532442 0.999256342 1.30944852
0.99652087 -0.0804856952 -0.0216381378 -2.6290693 0.0797746798 0.996301435 -0.0319288298 -4.18843264 0.0241279218 0.0300915697 0.999255894 1.17800026
0.996515887 -0.0805407259 -0.0216628382 -2.62306432 0.0798217447 0.996288067 -0.0322269602 -4.22881378 0.02417801 0.0303855123 0.999245788 1.07864784
0.996467426 -0.0812137402 -0.0213774785 -2.64206731 0.0804825875 0.996206598 -0.0330902895 -4.37599375 0.0239837713 0.0312528808 0.999223717 0.883272938
0.99590712 -0.0878258921 -0.0213453032 -2.67615876 0.0870546048 0.995598463 -0.0347159462 -4.50917393 0.02430031 0.0327156511 0.999169245 0.719082927
0.995630923 -0.0908500306 -0.0215716743 -2.7136496 0.0900603175 0.995316703 -0.035125501 -4.62486943 0.0246618006 0.0330292832 0.99915007 0.607737179
0.995550086 -0.0916400628 -0.021957334 -2.72758312 0.0908209909 0.995224358 -0.0357774443 -4.72445014 0.0251311209 0.033624051 0.999118536 0.49615744
0.995327464 -0.0938999586 -0.0224952884 -2.70952356 0.093039955 0.994988148 -0.0366353824 -4.79339908 0.0258226062 0.0343712417 0.999075478 0.355556994
0.994978088 -0.0975508702 -0.0224150178 -2.74188063 0.0966760949 0.994618095 -0.0372636195 -4.88427406 0.0259294808 0.0349094884 0.999054047 0.2394762
0.994661208 -0.100720196 -0.0224616185 -2.7929596 0.0998237969 0.994279822 -0.0379847953 -4.98893707 0.0261589701 0.0355397983 0.999025841 0.111287278
0.994337375 -0.103790525 -0.0228190931 -2.82162569 0.102859239 0.993939955 -0.0387729644 -5.08571724 0.0267050747 0.0362062531 0.99898746 -0.0149797471
0.993947389 -0.107425106 -0.0229877159 -2.85414122 0.106465583 0.993530001 -0.0395375348 -5.18321491 0.0270863092 0.0368508289 0.998953627 -0.112335164
0.993432576 -0.112064375 -0.0230931318 -2.88762265 0.111075925 0.992991236 -0.0403799883 -5.29894157 0.0274564356 0.0375497048 0.998917496 -0.206964876
0.992950466 -0.116233676 -0.0232186088 -2.91420486 0.115217586 0.992488051 -0.0411384988 -5.42951896 0.0278258707 0.0381732995 0.998883637 -0.32024357
0.992472117 -0.12022872 -0.0233270804 -2.93658732 0.119178909 0.991978856 -0.0421228863 -5.53225405 0.0282043512 0.0390256941 0.998840082 -0.411031296
0.99188285 -0.124970114 -0.0234709001 -2.96511279 0.123887149 0.991364033 -0.0430038287 -5.63814954 0.0286423996 0.0397470173 0.998799173 -0.47607869
0.99123239 -0.129999174 -0.0236339372 -3.00193438 0.128884653 0.990692869 -0.0437765529 -5.77079735 0.0291048887 0.0403466854 0.998761759 -0.545687308
0.990610953 -0.134548073 -0.0242230599 -2.98339755 0.133381526 0.990058906 -0.0446400167 -5.88938637 0.0299884844 0.0409899808 0.998709423 -0.656262627
0.99011225 -0.138145889 -0.0243607264 -2.95490306 0.136946515 0.989534314 -0.0454697069 -5.9725528 0.0303872278 0.0416839973 0.998668644 -0.735041959
0.989556715 -0.142086935 -0.0242654176 -2.94809243 0.140859243 0.988939329 -0.0464508089 -6.04054456 0.0305970788 0.0425477015 0.998625812 -0.770003256
0.988893824 -0.146647466 -0.0241562578 -2.97987086 0.14539802 0.988245956 -0.0472159507 -6.13294717 0.0307964236 0.04317929 0.998592574 -0.777501873
0.988285403 -0.150662574 -0.0243464815 -2.99869039 0.149382109 0.987620458 -0.0478624856 -6.22498106 0.0312561685 0.0436648671 0.998557175 -0.809932846
0.987720655 -0.154307443 -0.0244360427 -3.01784677 0.152999109 0.987033336 -0.0485434453 -6.30589891 0.0316098036 0.0442086708 0.998522115 -0.832515913
0.986499139 -0.16192474 -0.0244913867 -3.06644864 0.160572432 0.985773396 -0.0496719821 -6.49915539 0.0321860802 0.045068726 0.998465255 -0.853809401
0.985478762 -0.168041931 -0.0243622541 -3.09782613 0.166655405 0.984707452 -0.0507662312 -6.60068738 0.0325205487 0.0459689414 0.998413376 -0.831396205
0.983958893 -0.176656533 -0.0248468446 -3.16779232 0.175200316 0.983159465 -0.0519837971 -6.70878128 0.0336116878 0.0467967445 0.99833878 -0.775170627
0.983433638 -0.17944015 -0.0256809596 -3.29774307 0.177916441 0.982631163 -0.0527421743 -6.84892134 0.0346989748 0.0472993634 0.998277893 -0.632736319
0.983150669 -0.180913163 -0.0261761267 -3.35392225 0.179349162 0.982346738 -0.0531861294 -6.91328364 0.0353361036 0.0475953123 0.998241477 -0.600601913
0.981964831 -0.187123571 -0.0270155325 -3.38960969 0.185456435 0.98112455 -0.0547770728 -7.10380707 0.0367556836 0.0487789547 0.998133074 -0.58300953
0.981806601 -0.187822703 -0.0279003633 -3.58229438 0.186073219 0.98095019 -0.0557985869 -7.29491424 0.0378491081 0.0495919106 0.998052147 -0.610753301
0.981647552 -0.188469204 -0.0291108839 -3.75196594 0.186606495 0.980771583 -0.0571412059 -7.43792821 0.0393204853 0.0506602448 0.997941601 -0.590283902
0.981525773 -0.188896767 -0.0304165754 -3.91140604 0.186929609 0.980655304 -0.0580731931 -7.59480284 0.0407980144 0.0513145772 0.997848854 -0.669179181
0.981436265 -0.189149307 -0.0317079982 -4.01205841 0.187082691 0.980579471 -0.0588554871 -7.67530882 0.0422246867 0.0518308918 0.997762815 -0.885995979
0.981276107 -0.189751034 -0.0330415978 -4.19584152 0.187568506 0.980422485 -0.0599149943 -7.76891446 0.0437636576 0.0525955892 0.997656477 -1.09581252
0.982400295 -0.184296116 -0.0304072662 -4.43778704 0.182288464 0.981462524 -0.0591796373 -7.85451335 0.0407501696 0.0525951993 0.997784129 -1.15052772
0.981981765 -0.186417204 -0.0309909436 -4.57437167 0.184361184 0.981052444 -0.0595571667 -7.9489984 0.0415062214 0.0527705246 0.997743707 -1.26177244
0.979667387 -0.197858645 -0.0332230022 -4.7361202 0.195591998 0.978759435 -0.0614307693 -8.11203854 0.0446719356 0.0536835679 0.997558265 -1.46482552
0.979322901 -0.19925246 -0.0350016006 -4.9286829 0.196826033 0.978426084 -0.0627846341 -8.25727243 0.0467564718 0.0545972038 0.997413143 -1.67084154
0.979308913 -0.199112962 -0.036167396 -5.0780935 0.196591932 0.978431432 -0.063431414 -8.40468073 0.0480173338 0.0550087309 0.997330625 -1.7422251
0.979269698 -0.199268674 -0.0363710673 -5.2278724 0.196707335 0.978369285 -0.0640294155 -8.5112601 0.0483433919 0.0555476107 0.997285004 -1.7352311
0.978350791 -0.203504853 -0.0376231981 -5.34511029 0.200828895 0.977476915 -0.064858586 -8.63946548 0.0499748446 0.0558986237 0.997184967 -1.78361876
0.977433458 -0.207617306 -0.0389729436 -5.4923799 0.20479375 0.976564814 -0.0661867366 -8.78000314 0.0518011173 0.0567117156 0.997045849 -1.78437391
0.976735922 -0.210644266 -0.0401986605 -5.66120395 0.20769169 0.975879643 -0.0672538854 -8.9457248 0.0533956998 0.057340358 0.996925766 -1.81225574
0.976349948 -0.212175593 -0.0415005652 -5.79283969 0.209088336 0.975507114 -0.068322317 -9.07708642 0.0549804247 0.0580292065 0.996799761 -1.84060987
0.976048241 -0.213434563 -0.0421368996 -5.87326428 0.210280691 0.975214809 -0.0688339092 -9.15582441 0.0557840638 0.0583246396 0.996737867 -1.8967869
0.975615737 -0.215300279 -0.0426582237 -5.97203568 0.212083465 0.974785599 -0.0693803999 -9.2502101 0.0565202415 0.058641506 0.9966778 -1.96224258
0.974902875 -0.218365474 -0.0433693863 -6.04533121 0.215076067 0.974094505 -0.0698726046 -9.35449034 0.0575036453 0.0587912861 0.996612721 -2.06585162
0.974132906 -0.22163012 -0.0441040959 -6.06382458 0.218259458 0.973342604 -0.0704768374 -9.46278761 0.0585481854 0.0590276704 0.996537929 -2.18814684
0.97303885 -0.226296292 -0.0445576608 -6.03222338 0.222835289 0.972231847 -0.0714819547 -9.5745955 0.0594964782 0.0596256998 0.996446158 -2.31692979
0.971640688 -0.232289004 -0.0442288525 -6.04110369 0.228782628 0.970775221 -0.0724843387 -9.73121551 0.0597735889 0.0603099396 0.996388393 -2.42186629
0.970644643 -0.236431917 -0.0441466313 -6.03069729 0.232855715 0.969717431 -0.0736635654 -9.89146391 0.0602261758 0.0612213498 0.996305553 -2.53523189
0.969237536 -0.24217496 -0.0439304763 -6.04248112 0.23853798 0.968248816 -0.0747921275 -10.0535557 0.0606484121 0.0620122503 0.996231023 -2.6279388
0.968249655 -0.246078159 -0.044024376 -6.04281739 0.242351141 0.967199432 -0.07609983 -10.1808925 0.0613068576 0.0630142763 0.996127838 -2.71700594
0.966820293 -0.251523377 -0.0446599649 -6.03151823 0.247664261 0.965743083 -0.0774771685 -10.3033866 0.0626173712 0.0638458215 0.995993361 -2.82157824
0.96583184 -0.255301176 -0.0446112848 -6.03641058 0.251374096 0.964698532 -0.0785353836 -10.4156563 0.0630866168 0.0646378526 0.99591266 -2.89842336
0.964342598 -0.260846246 -0.0447502933 -6.0782837 0.256813132 0.963148441 -0.0799505855 -10.5886823 0.0639559853 0.0656072924 0.995793812 -2.97667897
0.963401204 -0.264284427 -0.0448537728 -6.10806935 0.26016428 0.962150332 -0.0811251298 -10.7465628 0.0645961808 0.0664866982 0.995694156 -3.02165296
0.962669667 -0.266913181 -0.0449940649 -6.1155616 0.262727606 0.961385109 -0.0819321456 -10.8394868 0.0651253936 0.0670524083 0.995621744 -3.03164859
0.961986042 -0.269339396 -0.0451568867 -6.12683043 0.265090371 0.960672135 -0.0826809722 -10.948096 0.0656502058 0.0675672854 0.995552466 -3.05531443
0.961232732 -0.271994397 -0.0452844685 -6.12449115 0.267682731 0.959887297 -0.0834405923 -11.0626555 0.0661633596 0.0680839583 0.995483292 -3.07279278
0.960144429 -0.27580246 -0.0453395869 -6.11957079 0.271409552 0.95874573 -0.0845191139 -11.1807087 0.0667797149 0.0688449594 0.995389794 -3.08667173
0.959012735 -0.279724525 -0.0452632857 -6.14738549 0.275273948 0.957568033 -0.0853681147 -11.3161544 0.0672222308 0.0694093058 0.995320813 -3.06872584
0.95789157 -0.28353254 -0.0453104724 -6.17945755 0.279009696 0.956402679 -0.0862989239 -11.4524662 0.0678036103 0.0700229506 0.995238392 -3.06393574
0.956694386 -0.287524758 -0.0454462919 -6.19932316 0.282914648 0.955160116 -0.0873410226 -11.5847186 0.0685211918 0.0707012444 0.995141287 -3.04179909
0.955650409 -0.290979204 -0.0454246529 -6.21477272 0.286306168 0.954070671 -0.0881925876 -11.75389 0.069000538 0.071275924 0.995067168 -3.01323519
0.954886642 -0.293474557 -0.045433302 -6.22486759 0.288757113 0.953278838 -0.0887625306 -11.8488646 0.0693601497 0.0716389657 0.995016094 -2.99948442
0.953272147 -0.29870377 -0.0452578366 -6.26970403 0.293888861 0.951573532 -0.0902061593 -12.050317 0.0700110793 0.0726902451 0.994894254 -2.96387014
0.951467324 -0.304372181 -0.0454698521 -6.32097132 0.2994261 0.949703512 -0.091691053 -12.2795662 0.071091084 0.0736261803 0.994748834 -2.96575638
0.950673998 -0.306803748 -0.0457209922 -6.330361 0.301785784 0.948890461 -0.092370091 -12.408359 0.0717237035 0.0740158983 0.994674498 -2.98787896
0.949082473 -0.311657592 -0.0459565414 -6.32473885 0.306467708 0.947192346 -0.0943620898 -12.6595944 0.072938346 0.0754732096 0.994476642 -3.0068337
0.947411252 -0.316701825 -0.0459551312 -6.3831622 0.31134384 0.945385214 -0.0964977204 -12.8861506 0.0740063058 0.077115179 0.994271752 -2.98243067
0.946817859 -0.318440806 -0.0461670306 -6.42231225 0.313001011 0.944753317 -0.0973218262 -13.0211701 0.0746076961 0.0776957159 0.994181607 -2.97815606
0.945015589 -0.323685866 -0.0466154112 -6.42954128 0.318048823 0.942859254 -0.0993044519 -13.3084796 0.0760952193 0.0790182784 0.993964602 -3.0429478
0.942781106 -0.330181121 -0.0463056605 -6.4901794 0.32439063 0.940470579 -0.101418981 -13.538785 0.0770357443 0.0805947769 0.993765554 -3.04451914
0.941525824 -0.333676878 -0.0467852898 -6.57832256 0.327726622 0.939157339 -0.102853071 -13.7601576 0.0782584398 0.0815060373 0.993595684 -3.02535929
0.939975945 -0.337934735 -0.0473849937 -6.599459 0.331818782 0.937572593 -0.104182194 -13.9548421 0.0796336535 0.0822055251 0.993428776 -3.11797618
0.937321942 -0.345152433 -0.0479309369 -6.75826018 0.338685149 0.934715313 -0.107701683 -14.3600943 0.0819752785 0.0847176539 0.993027176 -3.09350883
0.936570254 -0.347077202 -0.0487193446 -6.7614621 0.340463448 0.933966191 -0.108590028 -14.528996 0.0831913439 0.0851150342 0.992892054 -3.19496878
0.936491829 -0.347345301 -0.0483145514 -6.75250953 0.340674581 0.933762241 -0.109676372 -14.7166982 0.083209876 0.0862514863 0.992792424 -3.23445477
0.936450098 -0.347514762 -0.0479030814 -6.73917587 0.340827616 0.933633646 -0.110293934 -14.8381131 0.0830526988 0.0869580724 0.992743946 -3.24375731
0.935334914 -0.350630607 -0.0469763232 -6.79344636 0.34395194 0.932397297 -0.111051087 -15.0481408 0.0827385068 0.0877123615 0.992703823 -3.25366853
0.934171441 -0.353667334 -0.0473617556 -6.70800646 0.346808299 0.931143342 -0.112676888 -15.1158463 0.083950718 0.088834081 0.992502284 -3.28560306
0.932318709 -0.358576447 -0.0469548364 -6.72255672 0.351679793 0.929231298 -0.113360124 -15.2862076 0.0842801741 0.0891746975 0.992443815 -3.30277512
0.930270827 -0.363866718 -0.0468743024 -6.79629866 0.35678682 0.927033487 -0.115377985 -15.5185343 0.0854362566 0.0906086399 0.992215058 -3.19496444
0.930212197 -0.364059662 -0.0465384945 -6.76685165 0.356989963 0.926926684 -0.115607473 -15.6570186 0.08522579 0.0909257062 0.992204153 -3.11252318
0.930182777 -0.364239964 -0.0457083153 -6.70893628 0.357140833 0.92671474 -0.116834142 -15.8710117 0.0849142333 0.092352801 0.992099054 -3.07953711
0.929935848 -0.364966318 -0.0449322403 -6.72347287 0.357735384 0.926185271 -0.119189932 -16.2889358 0.0851158898 0.0947651384 0.99185425 -3.11078071
0.92994848 -0.364975323 -0.0445963937 -6.60824033 0.357682842 0.926064536 -0.120280751 -16.3970426 0.0851986445 0.0959035364 0.991737719 -3.32528511
0.92997827 -0.364934592 -0.0443075744 -6.57155684 0.357643284 0.9260391 -0.120593807 -16.4344265 0.0850393982 0.096303314 0.991712646 -3.33666124
0.929426215 -0.366357911 -0.0441451135 -6.53624137 0.359053103 0.925458153 -0.120863877 -16.4790004 0.0851338929 0.0964836162 0.991687013 -3.37141243
0.927060335 -0.372369559 -0.0435895235 -6.45363374 0.365032551 0.923024141 -0.121563452 -16.5905898 0.0855007114 0.0967850594 0.991626079 -3.40407283
0.925840862 -0.375478744 -0.0428300291 -6.37416067 0.368126941 0.92167899 -0.122435266 -16.6809991 0.0854473778 0.0975886842 0.991551912 -3.40157081
0.925164067 -0.377178884 -0.0425151568 -6.32888108 0.369819049 0.920953091 -0.1227977 -16.7442644 0.0854711645 0.0978851045 0.991520643 -3.41655663
0.923081148 -0.382376261 -0.0413471748 -6.19891551 0.374973463 0.918657061 -0.124354756 -16.8792297 0.085534181 0.099285438 0.991375966 -3.45623931
0.923098394 -0.38237407 -0.0409807821 -6.17916613 0.374983772 0.918614946 -0.124634471 -16.8925313 0.0853025488 0.0996827516 0.991356053 -3.50955002
0.923187981 -0.382186562 -0.0407109817 -6.15241468 0.374811908 0.918665654 -0.124777602 -16.9060683 0.0850881034 0.0999342219 0.991349165 -3.58232014
0.923668849 -0.381038227 -0.0405675462 -6.12222471 0.373676606 0.91911692 -0.124859447 -16.9211768 0.0848625405 0.100169639 0.99134474 -3.69675121
0.925191902 -0.377335829 -0.0404674834 -6.07596117 0.369969665 0.920562807 -0.125246019 -16.9060881 0.0845126706 0.100904862 0.991300064 -3.88798637
0.926051815 -0.375232253 -0.040358291 -6.07098729 0.367873845 0.921380137 -0.125409242 -16.8866606 0.0842429201 0.101288696 0.99128388 -3.98954481
0.928645286 -0.368809934 -0.0399645505 -6.06823804 0.361442907 0.923789862 -0.126377674 -16.8473671 0.0835281881 0.102915128 0.991176835 -4.23383871
0.930309172 -0.364588647 -0.0399995431 -6.07078905 0.357251539 0.925437434 -0.126241413 -16.809165 0.0830432604 0.103153646 0.991192788 -4.43925576
0.930359756 -0.364457497 -0.0400182085 -6.06896297 0.357117713 0.925486756 -0.12625848 -16.807565 0.0830521715 0.103174597 0.99118986 -4.44134386
0.930730453 -0.363508617 -0.0400288566 -6.06929387 0.356165543 0.92584194 -0.126344009 -16.7938355 0.0829875301 0.103335317 0.991178532 -4.43339302
0.931135379 -0.362469157 -0.0400376749 -6.08400882 0.355132517 0.926241755 -0.126321443 -16.7713027 0.0828721932 0.103403684 0.991181052 -4.43567044
0.931526247 -0.361460215 -0.040066988 -6.09079957 0.354127098 0.926628678 -0.12630634 -16.7581817 0.0827819371 0.103468865 0.991181792 -4.45413589
0.931879202 -0.360533012 -0.0402131846 -6.08567182 0.353190647 0.926987752 -0.126293601 -16.7420779 0.0828101419 0.103487459 0.991177495 -4.49196079
0.932483364 -0.358945053 -0.040413178 -6.07440752 0.351594771 0.927601608 -0.126239354 -16.7225047 0.0828003206 0.103507036 0.991176271 -4.54049945
0.93378804 -0.355518893 -0.0405735402 -6.06592213 0.348178128 0.928902903 -0.126140348 -16.7038173 0.0825341563 0.103661529 0.991182324 -4.60032173
0.935368761 -0.351331125 -0.0406413666 -6.06673291 0.344009777 0.930462084 -0.126085622 -16.6869138 0.0821130542 0.103955525 0.991186509 -4.65368385
0.93658607 -0.348078513 -0.0405941147 -6.07132426 0.340784422 0.931656781 -0.126022301 -16.6745015 0.0816854372 0.10419689 0.991196498 -4.71003414
0.937750228 -0.344925886 -0.0406281126 -6.06910401 0.337639705 0.932792579 -0.126085024 -16.6537938 0.0813875905 0.104518596 0.991187128 -4.77589638
0.939052638 -0.341350514 -0.0407427196 -6.06025945 0.334065413 0.934069036 -0.126155997 -16.6305049 0.0811199275 0.104856389 0.991173393 -4.85084449
0.940475679 -0.337411652 -0.0407292789 -6.05865202 0.330142153 0.935451674 -0.126239153 -16.6047488 0.0806948333 0.105278401 0.991163358 -4.93414345
0.941941984 -0.333298843 -0.0407084688 -6.05756207 0.326057385 0.936889616 -0.126192034 -16.5866634 0.0801990007 0.105592278 0.991170213 -5.02505447
0.943464441 -0.32895635 -0.0407746054 -6.05122974 0.321731306 0.938384163 -0.126190846 -16.5654315 0.079773524 0.105938109 0.991167646 -5.1297867
0.945279425 -0.323704364 -0.040771231 -6.05166332 0.316507203 0.940157646 -0.126201393 -16.5430254 0.0791833264 0.106391192 0.991166442 -5.24362112
0.947275422 -0.317805898 -0.0408495635 -6.0436265 0.310631109 0.942113266 -0.126217701 -16.5186726 0.0785976455 0.106873781 0.99116114 -5.37331773
0.94945516 -0.31123312 -0.0408514807 -6.03501673 0.304077085 0.944220102 -0.126433881 -16.4831046 0.0779232006 0.107621302 0.991133508 -5.52094034
0.951552822 -0.304759282 -0.040853482 -6.0226538 0.297626467 0.946251942 -0.126592847 -16.4504916 0.0772380318 0.108300703 0.991113134 -5.67025466
0.955027298 -0.293730406 -0.0405624103 -6.0144248 0.286678691 0.949604023 -0.126757754 -16.4159368 0.0757508345 0.109428736 0.991104012 -5.98280111
0.958098572 -0.283640869 -0.0399372598 -6.02071999 0.276688272 0.952513571 -0.127127875 -16.3536727 0.074099443 0.110750864 0.991081994 -6.45732415
0.95887289 -0.281014326 -0.0399215488 -6.00984279 0.274073867 0.953260268 -0.12719425 -16.3386824 0.0737990328 0.111021665 0.991074111 -6.64989473
0.95890294 -0.280912581 -0.0399158373 -6.01365019 0.273972296 0.95328757 -0.127208452 -16.3789084 0.0737857262 0.111044725 0.991072518 -6.47478644
0.958901686 -0.280915724 -0.0399238214 -5.99586395 0.273965002 0.953272584 -0.127336398 -16.4070258 0.0738290807 0.111165357 0.991055766 -6.33014199
0.958912953 -0.280895063 -0.0397983847 -6.00506611 0.273948934 0.953260102 -0.127464349 -16.4161704 0.0737423186 0.11132449 0.991044362 -6.27777655
0.958904064 -0.280921997 -0.0398224454 -6.00130464 0.273974593 0.953255549 -0.127443246 -16.4268438 0.0737625783 0.111295509 0.99104611 -6.27049794
0.958893391 -0.280962258 -0.0397954063 -5.97864012 0.274012248 0.953235044 -0.127515639 -16.4575193 0.0737614579 0.111369475 0.991037884 -6.25989118
0.958882681 -0.281017912 -0.0396602687 -5.96326159 0.274074348 0.953202202 -0.127627636 -16.481024 0.0736699071 0.111510067 0.991028884 -6.26001473
0.958672463 -0.281748543 -0.0395583922 -5.94108477 0.274806344 0.952981155 -0.127704317 -16.5162662 0.0736789075 0.111555715 0.991023078 -6.26595103
0.957960203 -0.284219169 -0.0391371244 -5.93793634 0.277309302 0.952255645 -0.127705667 -16.5749311 0.0735649462 0.111483858 0.99103963 -6.27506895
0.956925597 -0.287707456 -0.0389592344 -5.89956077 0.280778403 0.951205532 -0.12795126 -16.6229725 0.0738707708 0.111500924 0.991014961 -6.30868733
0.954860948 -0.294556958 -0.0384287455 -5.82873759 0.287585471 0.949060139 -0.128761213 -16.6849809 0.0743987019 0.111897505 0.990930765 -6.39921438
0.953069548 -0.300349577 -0.0380600571 -5.7665243 0.293354799 0.947239643 -0.129151157 -16.7495 0.0748424903 0.111924934 0.990894248 -6.53052713
0.952250291 -0.302995917 -0.0375879905 -5.70004735 0.295968808 0.946300867 -0.130065883 -16.7806996 0.0749789794 0.112730402 0.990792617 -6.69566348
0.950180919 -0.309549763 -0.0365399221 -5.54536443 0.302484868 0.944027531 -0.131586189 -16.8930647 0.0752271661 0.113977912 0.990631066 -7.03572513
0.949848015 -0.310635283 -0.0359787363 -5.49272549 0.303590501 0.943604172 -0.132075638 -16.9538557 0.0749770388 0.11452898 0.990586471 -7.14378118
0.949325754 -0.3122811 -0.0355123549 -5.42559418 0.305244156 0.943005715 -0.132537641 -17.0455239 0.074877354 0.114981458 0.990541592 -7.21007655
0.947953174 -0.316505984 -0.0347669689 -5.38330396 0.309485788 0.941545645 -0.133080223 -17.1371226 0.0748553751 0.115393937 0.990495286 -7.21259472
0.946348715 -0.321314778 -0.034364562 -5.31776461 0.31426098 0.939873585 -0.133707442 -17.2099604 0.075260521 0.115734425 0.990424857 -7.21915645
0.944883715 -0.325657354 -0.0337942643 -5.26604693 0.31860101 0.938338223 -0.134219133 -17.2891209 0.0754198976 0.116054587 0.990375268 -7.23192021
0.94233534 -0.333017264 -0.0332206112 -5.18868286 0.32591422 0.935706266 -0.135032236 -17.3863287 0.0760527998 0.116418578 0.990284144 -7.25850853
0.940648781 -0.337802797 -0.0326977323 -5.08681449 0.330635589 0.933876185 -0.136218128 -17.4538597 0.076550498 0.117322382 0.990139122 -7.32950479
0.940329213 -0.338726229 -0.0323343799 -5.06371459 0.331571901 0.933500202 -0.136519034 -17.4959329 0.0764267276 0.117651664 0.990109611 -7.35075955
0.939863182 -0.340057514 -0.0319074534 -5.02769206 0.332918539 0.932972611 -0.136847919 -17.5654549 0.0763049433 0.117995738 0.990078058 -7.34754908
0.938335383 -0.344288357 -0.0314997653 -4.96922466 0.337137101 0.931400484 -0.137228691 -17.645815 0.0765851374 0.118146797 0.990038409 -7.35668592
0.937641958 -0.346200068 -0.0311940791 -4.94873637 0.339052121 0.930669309 -0.137471072 -17.6833681 0.0766238665 0.118322226 0.990014461 -7.34393525
0.936101798 -0.350377751 -0.0308034929 -4.88586496 0.343213487 0.929082562 -0.137877101 -17.7914367 0.0769280568 0.118494828 0.989970227 -7.33415074
0.933569048 -0.357111336 -0.0303368858 -4.78060188 0.349893758 0.926476566 -0.138620095 -17.8926372 0.0776092213 0.118796744 0.989880873 -7.30312357
0.932772562 -0.359201159 -0.0301641165 -4.73737846 0.351975596 0.925663488 -0.138781436 -17.9608441 0.077772274 0.118834483 0.989863546 -7.31822235
0.932222311 -0.360654806 -0.0298274186 -4.7218329 0.353437907 0.925067194 -0.139040759 -17.9972823 0.0777380845 0.119074758 0.989837357 -7.29442313
0.931007306 -0.363822454 -0.0293021828 -4.69176619 0.356615113 0.923791822 -0.139407071 -18.0744689 0.0777885393 0.1193394 0.989801521 -7.2659945
0.929327535 -0.368126668 -0.0288632761 -4.64134054 0.360901806 0.92205526 -0.139871314 -18.1520916 0.0781038962 0.119569455 0.989748921 -7.17579808
0.927416266 -0.372959887 -0.0282841459 -4.6104622 0.365721232 0.920067163 -0.140443571 -18.2167877 0.0784031323 0.119905539 0.989684602 -7.0711545
0.925766493 -0.377059312 -0.0279763465 -4.58316175 0.369802413 0.918390711 -0.140729091 -18.285154 0.0787564311 0.119936557 0.989652791 -6.98045145
0.924227085 -0.38083521 -0.0277279215 -4.56056496 0.373557297 0.916829891 -0.140988995 -18.3455291 0.0791153606 0.11994788 0.98962279 -6.91144339
0.92266871 -0.384603826 -0.0276106619 -4.50990554 0.377272994 0.915236449 -0.14144727 -18.3910261 0.0796714452 0.120092213 0.989560671 -6.87766363
0.921958424 -0.386302953 -0.0276168963 -4.46897808 0.378938576 0.914511472 -0.141683887 -18.4128406 0.0799888725 0.120161546 0.989526646 -6.88441783
0.921459308 -0.387506345 -0.0274148888 -4.44278972 0.380150227 0.913996299 -0.141762372 -18.4525113 0.0799909257 0.120206481 0.989521022 -6.89429454
0.91982343 -0.39140555 -0.0269546477 -4.38978432 0.384040941 0.912306314 -0.142160981 -18.5313165 0.0802334924 0.120411313 0.989476479 -6.94201025
0.917284546 -0.397353139 -0.0264488905 -4.35187757 0.389948311 0.909696095 -0.142805212 -18.5562492 0.0808045518 0.120679314 0.989397356 -7.0049604
0.914183098 -0.404460093 -0.0261016676 -4.32513929 0.397022413 0.906600451 -0.142999392 -18.5852606 0.0815013311 0.12036468 0.989378531 -7.23222678
0.913071044 -0.40698187 -0.0258268383 -4.24438633 0.399502511 0.905407034 -0.143651826 -18.6101198 0.0818474897 0.120846436 0.989291225 -7.4475241
0.91288708 -0.407393834 -0.0258349146 -4.23692223 0.399898976 0.905210786 -0.143785402 -18.6504645 0.0819633294 0.12092848 0.989271609 -7.2693287
0.912184758 -0.408949542 -0.0260622142 -4.24449438 0.40148135 0.904638359 -0.1429761 -18.7087006 0.0820468892 0.119957126 0.989382937 -6.9572431
0.911021253 -0.411537248 -0.0260263217 -4.25112745 0.404040691 0.903476724 -0.143111597 -18.7608597 0.0824099288 0.119862014 0.989364291 -6.56923108
0.910682158 -0.412288831 -0.0259986011 -4.26065302 0.404780124 0.903128089 -0.143222578 -18.7889202 0.082529136 0.119906529 0.989348961 -6.36009143
0.910374936 -0.412953584 -0.0262071104 -4.25055053 0.405419783 0.902851469 -0.143157343 -18.830714 0.0827784658 0.119701976 0.989352901 -6.14309874
0.910262858 -0.41322035 -0.0258934817 -4.2751756 0.405719697 0.902712377 -0.143184815 -18.8637063 0.0825412458 0.119830323 0.989357183 -5.89863834
0.910001751 -0.413790153 -0.0259715897 -4.27136 0.406268695 0.902452707 -0.143264998 -18.8903095 0.0827197767 0.119819955 0.989343528 -5.65427983
0.90956757 -0.414719449 -0.0263555405 -4.25356058 0.407128478 0.902035395 -0.14345225 -18.90846 0.0832660684 0.119749423 0.98930624 -5.39183921
0.909288835 -0.415325453 -0.0264307081 -4.25694155 0.407719816 0.901767074 -0.143459739 -18.9316568 0.0834168236 0.119670016 0.989303149 -5.13803657
0.909019351 -0.415913513 -0.0264531372 -4.27544214 0.408310273 0.901518629 -0.143341836 -18.966578 0.0834658026 0.119499415 0.98931964 -4.85821226
0.90871893 -0.416565162 -0.0265211585 -4.29453825 0.408963378 0.901250721 -0.143164566 -19.0011268 0.0835395839 0.119250169 0.989343487 -4.56737111
0.908404121 -0.417276431 -0.0261215054 -4.36216375 0.409677806 0.900852946 -0.143624738 -18.9905602 0.0834628532 0.119767903 0.989287421 -4.22236677
0.907702274 -0.418805419 -0.0260499875 -4.41367816 0.411229108 0.900195759 -0.143311601 -19.019704 0.0834697635 0.119371753 0.989334717 -3.93075492
0.906544401 -0.421294406 -0.0262349432 -4.44156113 0.413700089 0.899109133 -0.143020991 -19.0594146 0.0838420202 0.11880148 0.989371884 -3.65370418
0.905056763 -0.42447479 -0.0263326343 -4.466525 0.41685862 0.897678629 -0.142835467 -19.0962865 0.0842682979 0.11829722 0.989396089 -3.38300634
0.902895596 -0.42904976 -0.0263789161 -4.4749671 0.421401394 0.895574616 -0.1427129 -19.1245297 0.084855223 0.117738737 0.989412543 -3.11591981
0.901394307 -0.432184787 -0.0265445509 -4.47530058 0.424500072 0.894125805 -0.142613933 -19.153362 0.0853697403 0.117283224 0.989422383 -2.87226557
0.900217059 -0.434623657 -0.0266743832 -4.48268777 0.426913655 0.892993593 -0.14250324 -19.1818838 0.0857553326 0.116896189 0.989434841 -2.63633191
0.896315503 -0.442627017 -0.0264545394 -4.52962878 0.434903586 0.88917554 -0.142217192 -19.2701703 0.0864719009 0.1159663 0.989481899 -2.13806142
0.894731432 -0.445805339 -0.0267070143 -4.5107547 0.438031059 0.887645782 -0.142175093 -19.2993738 0.0870887839 0.115510023 0.989481166 -1.94527317
0.89214925 -0.45095328 -0.0266618699 -4.53860655 0.443152204 0.885115957 -0.142076972 -19.3657258 0.0876689232 0.114938598 0.989496477 -1.57258802
0.888110018 -0.458849569 -0.0267893331 -4.56117524 0.450992348 0.881183871 -0.141848116 -19.4198372 0.0886932753 0.113894949 0.989525868 -1.14677451
0.885747173 -0.463371066 -0.0271882379 -4.5647799 0.455443117 0.878909227 -0.141739687 -19.4377658 0.0895740631 0.113162831 0.989530525 -0.863126914
0.884052109 -0.466599761 -0.0271391203 -4.5728108 0.458652171 0.87723834 -0.141743013 -19.4391016 0.0899447329 0.112860793 0.989531397 -0.766489404
0.883089318 -0.468417653 -0.0271690641 -4.57311814 0.460463824 0.876308533 -0.141620697 -19.4518204 0.0901461171 0.112553354 0.989548089 -0.776538047
0.882214412 -0.470061989 -0.0271929839 -4.56682816 0.462099455 0.875458833 -0.141548313 -19.4649612 0.0903428196 0.112310099 0.989557788 -0.775010051
0.880580232 -0.473124218 -0.0270542055 -4.55292355 0.465156635 0.873843225 -0.141517929 -19.4865041 0.0905966935 0.112033447 0.989565938 -0.790379096
0.87852072 -0.476946647 -0.026893151 -4.52384116 0.468945439 0.871776158 -0.141762145 -19.5184879 0.0910577876 0.111929561 0.989535372 -0.815311884
0.876667072 -0.480361302 -0.0266057027 -4.48763726 0.472327346 0.869879982 -0.142181905 -19.5620092 0.0914424533 0.112079593 0.989482917 -0.830577113
0.875431039 -0.482643481 -0.0259954866 -4.43615996 0.474547914 0.868470616 -0.143398282 -19.630461 0.0917865622 0.113199203 0.989323591 -0.859995976
0.873312107 -0.486479379 -0.0257638967 -4.35041158 0.478328981 0.866303871 -0.143940921 -19.7003723 0.0923436533 0.113381731 0.989250844 -0.829825993
0.870959238 -0.490703538 -0.0252990722 -4.29525522 0.482520641 0.863884651 -0.144489242 -19.7655182 0.0927568622 0.113636915 0.989182903 -0.813191662
0.869063794 -0.494084917 -0.024662057 -4.25568355 0.485892005 0.861894393 -0.145075896 -19.8439321 0.0929359005 0.114097112 0.989113122 -0.788875371
0.868771734 -0.494657502 -0.0234441636 -4.3084666 0.486490631 0.861359323 -0.14624289 -19.8603711 0.0925339916 0.115646323 0.988970873 -0.816013565
0.865908666 -0.499647565 -0.0235476537 -4.22074405 0.491458327 0.858592565 -0.145902437 -20.0145104 0.0931176379 0.114765495 0.989018699 -0.887192621
0.864061041 -0.502813983 -0.0240128131 -4.12427209 0.494526807 0.856796774 -0.146090809 -20.1294355 0.0940306024 0.114356397 0.988979707 -0.973711421
0.8620651 -0.506267319 -0.0231768466 -4.07952092 0.497975674 0.854668511 -0.146839927 -20.2036673 0.0941487772 0.115044071 0.988888704 -0.967208626
0.860797516 -0.50842706 -0.023012193 -4.04045025 0.500125789 0.853393945 -0.146945466 -20.259675 0.0943495173 0.114981301 0.988876873 -1.00149285
0.859504056 -0.510624448 -0.0227035359 -4.00139764 0.502306104 0.852051503 -0.147298383 -20.3190171 0.0945587376 0.115199433 0.9888315 -1.02392009
0.858118395 -0.512961774 -0.0224285004 -3.95210901 0.504608683 0.850606247 -0.147780545 -20.3680717 0.0948835929 0.115495588 0.988765833 -1.04666592
0.856405032 -0.515890074 -0.0206845901 -3.96248936 0.507539062 0.848540508 -0.14960985 -20.467065 0.0947339492 0.117628391 0.988528725 -0.870203652
0.854790941 -0.518571744 -0.0203910014 -3.91851412 0.510195458 0.846881133 -0.149976466 -20.5094257 0.0950423117 0.117795128 0.98847927 -0.866188183
0.851933304 -0.523281331 -0.0196543502 -3.85097558 0.51487595 0.843910102 -0.150726561 -20.5977766 0.0954588999 0.118289424 0.988380094 -0.878505118
0.848601411 -0.528685643 -0.0191607933 -3.78339595 0.520223113 0.840504865 -0.151391828 -20.6869212 0.0961434258 0.118503431 0.988288105 -0.930255518
0.84625368 -0.532447642 -0.0188206674 -3.71312487 0.523935059 0.838095106 -0.151949488 -20.7676956 0.0966786556 0.118727006 0.988209055 -0.937716563
0.84487317 -0.534648244 -0.0184548702 -3.68583019 0.526119734 0.836654485 -0.152339416 -20.799831 0.0968883512 0.118998014 0.988155919 -0.936782102
0.843364339 -0.53703421 -0.0181892765 -3.6498931 0.528502714 0.835130036 -0.152455583 -20.8462468 0.0970642745 0.11896252 0.988142928 -0.947120634
0.840433601 -0.541623663 -0.0177530311 -3.57720174 0.533060436 0.832156099 -0.152848941 -20.9523877 0.0975598965 0.118995948 0.988090093 -0.98108021
0.836947997 -0.547007395 -0.0173481768 -3.4815307 0.538362662 0.828593141 -0.153619825 -21.054136 0.0984057608 0.119232194 0.987977728 -1.05594255
0.834675714 -0.550490232 -0.0166420132 -3.39682582 0.541784444 0.826153236 -0.154727008 -21.1214746 0.0989245596 0.120130492 0.987817087 -1.10812242
0.830155556 -0.557305648 -0.0158797752 -3.26240379 0.548524406 0.821511392 -0.155692033 -21.2323087 0.0998134654 0.120538162 0.987677996 -1.23675233
0.82881671 -0.559313104 -0.0152221063 -3.20965904 0.550520233 0.82004318 -0.156386237 -21.319691 0.0999516559 0.121235449 0.987578672 -1.33764519
0.824904226 -0.565104311 -0.0137889556 -3.112671 0.55621352 0.815792504 -0.158458544 -21.4181319 0.100794533 0.123043519 0.987269342 -1.52456331
0.82483029 -0.565201996 -0.0142019944 -3.052268 0.556300431 0.815811273 -0.158056309 -21.4561276 0.100919888 0.122469055 0.987327963 -1.70738218
0.824714818 -0.565406253 -0.0126979351 -2.89935943 0.556492951 0.815306339 -0.159972401 -21.5987336 0.100802103 0.124865298 0.987039814 -1.93737766
0.822591344 -0.568514344 -0.0116155728 -2.76248984 0.559567424 0.812941095 -0.161279488 -21.736408 0.101132479 0.126167414 0.986840415 -2.10337429
0.821944551 -0.569464445 -0.0108351432 -2.69653975 0.56050698 0.812102564 -0.162238565 -21.8241644 0.101188342 0.127277931 0.986692073 -2.14804972
0.821885922 -0.569551855 -0.0106871512 -2.70449371 0.560612791 0.812030659 -0.16223288 -21.8586409 0.101078333 0.127345567 0.986694622 -2.1453985
0.821651465 -0.569892289 -0.0105664252 -2.71505874 0.560951955 0.811771845 -0.162355709 -21.9031859 0.101102793 0.127472549 0.986675719 -2.13723607
0.816658179 -0.577027976 -0.0103987362 -2.65896598 0.567982581 0.806789291 -0.16274774 -22.013285 0.102299588 0.127002972 0.986612913 -2.02715607
0.811892621 -0.583720864 -0.0100162185 -2.63595694 0.574533736 0.801924854 -0.163791074 -22.0304816 0.103640522 0.127226109 0.9864442 -1.8232011
0.811877757 -0.583742744 -0.00994568892 -2.63502693 0.574552625 0.801888546 -0.163902532 -21.9995143 0.103652248 0.127354498 0.9864264 -1.87134826
0.81242178 -0.582987509 -0.00981914164 -2.64630555 0.573820605 0.802408185 -0.163923819 -21.9566434 0.103444498 0.127540855 0.986424131 -1.98216399
0.814976788 -0.579406725 -0.0100340329 -2.68207667 0.57025047 0.80493765 -0.163981041 -21.8617614 0.103088489 0.12791883 0.986412457 -2.11524222
0.816461287 -0.577311507 -0.0101188373 -2.74177117 0.568212141 0.80645965 -0.163578106 -21.8028926 0.102595957 0.127805545 0.986478491 -2.13849278
0.817533025 -0.575786739 -0.0104586472 -2.84345728 0.566739903 0.807645552 -0.162832872 -21.6768028 0.102203888 0.127193918 0.986598233 -2.16827724
0.81943628 -0.573057993 -0.0113454624 -2.98250934 0.564031933 0.809734112 -0.161859957 -21.5129771 0.10194195 0.126234718 0.986748517 -2.21065272
0.820674842 -0.571271453 -0.0119050718 -3.05908009 0.562251702 0.811079102 -0.161318673 -21.4147566 0.101812707 0.125696529 0.98683056 -2.21863009
0.822117613 -0.56918043 -0.0125007671 -3.13935669 0.560201014 0.812671477 -0.160436574 -21.3367346 0.101476375 0.124894791 0.986966989 -2.2109762
0.823493442 -0.56717366 -0.013137401 -3.21008072 0.558210469 0.814179336 -0.159728149 -21.2530974 0.101289799 0.124201648 0.987073618 -2.19372669
0.824781218 -0.565290116 -0.0135287358 -3.30678948 0.556360379 0.815560826 -0.15913412 -21.1443399 0.100990452 0.12372398 0.987164275 -2.17017414
0.825179225 -0.564696849 -0.0140255309 -3.42808112 0.55580485 0.816115519 -0.158229038 -21.0139882 0.100797892 0.122771856 0.987302819 -2.11828847
0.825431401 -0.564309434 -0.0147602469 -3.55115357 0.555443685 0.816573214 -0.157132105 -20.8982963 0.100723951 0.121503288 0.987467284 -2.05698308
0.825925941 -0.563555166 -0.0158718423 -3.63824624 0.554663017 0.817291735 -0.156151074 -20.77789 0.10097167 0.120165699 0.987605653 -2.01338387
0.827603391 -0.561060254 -0.0168528589 -3.7262057 0.55216792 0.819150019 -0.155254097 -20.6513035 0.100911923 0.119183209 0.987730807 -1.97041246
