1.0 0.0 0.0 0.0 0.0 1.0 0.0 0.0 0.0 0.0 1.0 0.0
0.99999994 -9.1777e-05 -0.000317022 -0.078881 9.19e-05 0.99999994 0.000387848 -0.188164 0.000316986 -0.000387877 0.999999881 -0.009632
0.999999881 2.9006e-05 -0.000515838 -0.119231 -2.9531e-05 0.999999464 -0.001017644 -0.359778 0.000515808 0.001017659 0.999999344 -0.031467999999999996
0.999998331 -0.000277383 -0.001809978 -0.129348 0.00027124 0.999994218 -0.003393486 -0.5292600000000001 0.001810909 0.00339299 0.999992609 -0.201478
0.999997139 -0.000702298 -0.002289639 -0.20098300000000002 0.000690018 0.999985397 -0.005359958 -0.7308209999999999 0.00229337 0.005358363 0.999983013 -0.436612
0.999995947 -0.000933954 -0.002689881 -0.311737 0.000914513 0.999973536 -0.007219823 -1.019274 0.002696553 0.007217333 0.999970317 -0.594387
0.99999547 -0.000959006 -0.00286286 -0.33299300000000004 0.000935185 0.999965012 -0.008310287 -1.030906 0.002870729 0.008307572 0.999961376 -0.579198
0.99999404 -0.001071527 -0.003289246 -0.356543 0.001043196 0.999962449 -0.008602874 -1.099508 0.003298341 0.008599392 0.999957561 -0.5598759999999999
0.999995053 -0.001043155 -0.002968694 -0.39562400000000003 0.001018987 0.999966443 -0.008130839 -1.132041 0.002977076 0.008127774 0.999962509 -0.520032
0.999994636 -0.001323965 -0.003003969 -0.4329 0.001298552 0.999963462 -0.008446137 -1.188814 0.003015041 0.008442191 0.999959826 -0.46439600000000003
0.999991953 -0.002402743 -0.003204918 -0.5147619999999999 0.002373792 0.999956608 -0.009006585 -1.333971 0.003226419 0.008998905 0.999954283 -0.34873
0.999991536 -0.002733044 -0.003072398 -0.5579130000000001 0.002704053 0.999952137 -0.00940095 -1.396265 0.003097944 0.009392562 0.999951065 -0.286167
0.999984443 -0.004590732 -0.00316627 -0.6009019999999999 0.004560601 0.999944866 -0.009458642 -1.483407 0.003209517 0.009444055 0.99995023 -0.225914
0.999947548 -0.009423717 -0.004014754 -0.6270709999999999 0.009377585 0.99989152 -0.011358528 -1.543293 0.004121358 0.011320284 0.999927402 -0.153542
0.999882042 -0.014558047 -0.004896489 -0.656053 0.014498465 0.999822974 -0.01199122 -1.681428 0.00507019 0.011918813 0.999916136 -0.084651
0.999853253 -0.016411597 -0.004917305 -0.748153 0.01634598 0.999780595 -0.013099565 -1.802538 0.005131211 0.013017265 0.999902129 0.017929999999999998
0.99972558 -0.022793148 -0.005397782 -0.840994 0.022715079 0.999642372 -0.014108424 -1.942167 0.005717427 0.013981941 0.999885917 0.108089
0.999584794 -0.028171096 -0.00604883 -0.9271159999999999 0.028072031 0.999479711 -0.015881414 -2.104155 0.006493079 0.015705017 0.999855578 0.21798900000000002
0.999462783 -0.032058306 -0.006804022 -0.947287 0.031941872 0.999352157 -0.01658136 -2.174004 0.007331184 0.01635512 0.999839365 0.27493199999999995
0.999307156 -0.036460798 -0.007464255 -1.034957 0.036324523 0.999184251 -0.017644148 -2.291484 0.008101485 0.017360786 0.999816477 0.383048
0.999104142 -0.041485287 -0.008362182 -1.239795 0.041321617 0.998967528 -0.018877871 -2.501053 0.009136702 0.018515421 0.999786854 0.506003
0.99900341 -0.043592978 -0.009579339 -1.346477 0.043395746 0.998859346 -0.019913889 -2.627635 0.01043652 0.019478345 0.99975574 0.582245
0.998844385 -0.046839368 -0.010762704 -1.498933 0.04660375 0.998688698 -0.021188885 -2.784668 0.011741062 0.020662822 0.999717534 0.6794429999999999
0.99868387 -0.049986053 -0.011486142 -1.631808 0.049725648 0.998522043 -0.021936538 -2.926284 0.012565685 0.021336511 0.999693334 0.7587670000000001
0.998563647 -0.052091997 -0.012537378 -1.755079 0.051798083 0.99839896 -0.022725768 -3.068904 0.013701135 0.022043712 0.999663055 0.831501
0.998230338 -0.057822406 -0.013884183 -1.9457490000000002 0.057466868 0.99804014 -0.024769893 -3.26241 0.015289226 0.023928177 0.999596775 0.936326
0.998062491 -0.060387488 -0.014987828 -2.061877 0.059993651 0.997873843 -0.025466366 -3.409422 0.016493812 0.024517849 0.999563336 0.9822050000000001
0.997742236 -0.06510631 -0.016478976 -2.199401 0.064648695 0.997544706 -0.026926704 -3.57742 0.018191613 0.025800562 0.999501586 1.043962
0.997461319 -0.069022991 -0.017513288 -2.346158 0.068510436 0.997247577 -0.028349303 -3.732308 0.019421836 0.02707749 0.999444604 1.1332689999999999
0.997283161 -0.071311697 -0.018466691 -2.451279 0.070758104 0.997069716 -0.029072316 -3.8578699999999997 0.020485776 0.027686661 0.999406695 1.197252
0.996985555 -0.075093955 -0.019509088 -2.553142 0.074493729 0.996774256 -0.029860843 -3.985792 0.021688526 0.028317528 0.999363601 1.256008
0.996538401 -0.080374077 -0.021239294 -2.635182 0.079693839 0.996332943 -0.031138841 -4.13206 0.023664162 0.02933841 0.999289393 1.314836
0.996473789 -0.081055209 -0.021678317 -2.6222250000000003 0.080355875 0.996271849 -0.031390823 -4.1922239999999995 0.024141887 0.029538156 0.999272048 1.1874609999999999
0.99650842 -0.080726296 -0.021311117 -2.634913 0.080038577 0.996298313 -0.031361558 -4.249033 0.023763932 0.029546345 0.99928087 1.081755
0.996509552 -0.080853671 -0.020771485 -2.667278 0.08017078 0.996272564 -0.03183927 -4.420262 0.023268383 0.030062871 0.999277174 0.881217
0.995959818 -0.087459661 -0.02036833 -2.724208 0.086747102 0.995664477 -0.033573505 -4.55635 0.023216352 0.031670969 0.999228656 0.716608
0.995692432 -0.090402596 -0.02059143 -2.7594849999999997 0.089686401 0.995410085 -0.03339221 -4.69287 0.023515664 0.031401604 0.999230146 0.612003
0.99554497 -0.091855861 -0.0212794 -2.7544589999999998 0.09109164 0.995245934 -0.034463514 -4.773218 0.024343919 0.032371596 0.999179363 0.487384
0.995340765 -0.093973577 -0.021583682 -2.75292 0.093177974 0.99502331 -0.035307299 -4.837623 0.024794221 0.03313167 0.999143362 0.362086
0.994984806 -0.097672455 -0.021571588 -2.7840529999999997 0.09686505 0.994655252 -0.035749186 -4.936535 0.024948008 0.033480365 0.999127924 0.228717
0.994661689 -0.100827768 -0.021951346 -2.819216 0.099981219 0.994310617 -0.036745992 -5.033188 0.025531475 0.034355104 0.999083459 0.103133
0.994350791 -0.103844546 -0.021972843 -2.8633420000000003 0.102973811 0.99397248 -0.03761613 -5.126229 0.025746634 0.035141002 0.999050617 -0.022191000000000002
0.993980527 -0.107265204 -0.022289326 -2.89031 0.106370196 0.993597507 -0.038068943 -5.240138 0.026230093 0.035468873 0.999026477 -0.12961799999999998
0.993508399 -0.111637101 -0.021865826 -2.949344 0.110735215 0.99309057 -0.038844753 -5.361343 0.026051259 0.036171272 0.999005914 -0.21482099999999998
0.993007541 -0.115941063 -0.022222372 -2.959255 0.115005091 0.992576361 -0.039574608 -5.4951 0.026645724 0.036742195 0.998969436 -0.333464
0.992506444 -0.120111898 -0.022451818 -2.978395 0.119132549 0.992039919 -0.040797025 -5.585573 0.027173307 0.037816573 0.998915136 -0.432145
0.991927743 -0.124856591 -0.022142049 -3.029127 0.12386471 0.991426408 -0.041607738 -5.695688 0.027147215 0.038529251 0.998888612 -0.50281
0.991253793 -0.130018577 -0.022610655 -3.05333 0.128979102 0.990732908 -0.042575356 -5.823008 0.02793671 0.039286681 0.998837352 -0.5748599999999999
0.990635157 -0.134549156 -0.023204774 -3.031343 0.133469746 0.990116477 -0.043072961 -5.9563619999999995 0.028770858 0.039572459 0.998802364 -0.679171
0.990100563 -0.138356596 -0.023631059 -2.98807 0.137229621 0.989559293 -0.044049609 -6.031639 0.029478889 0.040370662 0.998749793 -0.7575810000000001
0.989571929 -0.142125547 -0.023404943 -2.9881640000000003 0.140989065 0.989005506 -0.044610586 -6.117476 0.029487927 0.040845536 0.998730242 -0.7862429999999999
0.988954246 -0.146417737 -0.023052141 -3.031806 0.145265922 0.988344133 -0.045538567 -6.206864 0.0294511 0.041686866 0.998696506 -0.796822
0.988314331 -0.150671005 -0.023087338 -3.05886 0.149484545 0.987666965 -0.046564989 -6.282629 0.029818596 0.042569641 0.998648405 -0.833666
0.987827301 -0.153824538 -0.023134772 -3.081626 0.152628347 0.987177134 -0.046752457 -6.387646999999999 0.030029792 0.042652331 0.99863857 -0.847907
0.98650074 -0.162076443 -0.023398099 -3.120412 0.160816997 0.985803187 -0.048268244 -6.557282 0.030889068 0.043853853 0.998560309 -0.870686
0.985379815 -0.168636441 -0.024256835 -3.091332 0.167277277 0.984638274 -0.050058 -6.629776000000001 0.032325812 0.045268521 0.99845165 -0.8683099999999999
0.983751178 -0.17784372 -0.024601776 -3.168761 0.176433831 0.982995033 -0.050910689 -6.760473 0.033237569 0.045742866 0.998400152 -0.8058679999999999
0.983216405 -0.180636734 -0.025610615 -3.287098 0.179142609 0.982450247 -0.051956892 -6.8871210000000005 0.034546476 0.046496917 0.998320818 -0.6588940000000001
0.982873321 -0.182407722 -0.026218895 -3.339312 0.180872291 0.982115686 -0.052287515 -6.955171 0.035287637 0.046649728 0.998287857 -0.652817
0.981660008 -0.188677967 -0.027279863 -3.363597 0.187023252 0.980866909 -0.054059301 -7.138366 0.036957711 0.047965888 0.998164952 -0.614859
0.981563866 -0.189101815 -0.02780086 -3.571245 0.187410384 0.98077631 -0.054361787 -7.363941 0.037546337 0.048149396 0.998134196 -0.650761
0.981350601 -0.189996079 -0.029196698 -3.729951 0.188169375 0.980533957 -0.056084339 -7.488055 0.039284166 0.049544472 0.997999072 -0.6392089999999999
0.981239974 -0.190382689 -0.030370912 -3.9013950000000004 0.188467145 0.980433643 -0.056832809 -7.652 0.040596649 0.050042711 0.997921586 -0.700663
0.981223464 -0.190323442 -0.031263724 -4.023416 0.188340187 0.980425656 -0.057388645 -7.743785000000001 0.041574165 0.050422873 0.997862279 -0.9016719999999999
0.980992734 -0.191247284 -0.032829288 -4.189970000000001 0.189123452 0.980191469 -0.058794849 -7.818939 0.043423347 0.051468533 0.997730136 -1.128522
0.981006205 -0.191153556 -0.032969944 -4.258210999999999 0.189029694 0.980219305 -0.058631737 -7.865036000000001 0.043525446 0.051285803 0.997735143 -1.177444
0.980672836 -0.192703217 -0.03385739 -4.3743430000000005 0.1905002 0.979890883 -0.059359219 -7.959455000000001 0.044615261 0.051762134 0.997662425 -1.288712
0.978281319 -0.204229102 -0.035440501 -4.569682 0.201882362 0.977539182 -0.06050181 -8.157366 0.047000717 0.052032981 0.997538745 -1.476692
0.977973402 -0.205327794 -0.037529379 -4.750665000000001 0.202788562 0.977245808 -0.062188257 -8.291036 0.049444411 0.053207938 0.997358561 -1.661465
0.977896512 -0.205488756 -0.03863648 -4.908836 0.20283179 0.97716254 -0.063344657 -8.411033 0.050770741 0.054107815 0.997243583 -1.733727
0.977725685 -0.206212878 -0.039099433 -5.037217 0.203498319 0.976983488 -0.063966237 -8.512158000000001 0.051390164 0.05458476 0.997185826 -1.75825
0.976741314 -0.210607395 -0.040257342 -5.1569709999999995 0.207769424 0.976012886 -0.065043755 -8.629629999999999 0.052990377 0.055166688 0.997070074 -1.800428
0.975781798 -0.214723587 -0.041756347 -5.293801 0.211725354 0.975070536 -0.066406272 -8.765801 0.054974377 0.055957153 0.996918499 -1.814392
0.975012362 -0.217948481 -0.043003172 -5.4567820000000005 0.21485883 0.974361241 -0.066751681 -8.966472 0.056449056 0.05584411 0.996842504 -1.839458
0.974733949 -0.218916461 -0.044376973 -5.589091 0.215662271 0.974079847 -0.068250917 -9.083541 0.058167968 0.056956049 0.996680796 -1.879051
0.974467874 -0.219981194 -0.044950299 -5.674846 0.216676295 0.973834217 -0.068544023 -9.178524000000001 0.058852535 0.057054285 0.99663496 -1.934083
0.973975658 -0.222114891 -0.045125149 -5.788351 0.218767971 0.973329961 -0.069060713 -9.26678 0.059261072 0.057391521 0.99659133 -1.994405
0.97319442 -0.225304499 -0.04615574 -5.843812000000001 0.221845135 0.972572863 -0.06990575 -9.362681 0.060639899 0.057792462 0.996485233 -2.098176
0.972351372 -0.228752315 -0.046958473 -5.860968000000001 0.225204706 0.971753836 -0.070548661 -9.464188 0.061770257 0.058022819 0.996402442 -2.212585
0.971211731 -0.233456179 -0.04739055 -5.833243 0.229816124 0.9705984 -0.071576431 -9.581437999999999 0.062707163 0.058624756 0.996308744 -2.348024
0.969791532 -0.239354759 -0.047048945 -5.838351 0.23566775 0.969119608 -0.072579429 -9.734054 0.062968291 0.059298992 0.996252298 -2.441399
0.968733609 -0.243618563 -0.046959847 -5.8245830000000005 0.239861667 0.968004167 -0.073717125 -9.898037 0.06341619 0.060148392 0.996172965 -2.551896
0.967323601 -0.249201447 -0.046729933 -5.830832 0.245392323 0.966542602 -0.074685462 -10.072034 0.063778207 0.060777847 0.996111691 -2.646277
0.966265917 -0.253236502 -0.046919134 -5.825772 0.249336258 0.965440452 -0.075867839 -10.205608999999999 0.064510137 0.061609872 0.996013463 -2.729892
0.964758694 -0.258882642 -0.047122572 -5.831682000000001 0.254898429 0.963906288 -0.076886542 -10.343617 0.065326326 0.062165499 0.995925665 -2.827258
0.963724911 -0.262646973 -0.047443714 -5.820177 0.258558601 0.962832749 -0.078106739 -10.445017 0.066194847 0.063006438 0.995815516 -2.9182259999999998
0.962156236 -0.268314123 -0.047568522 -5.86011 0.264141262 0.961228907 -0.079172321 -10.637646 0.066967301 0.063611351 0.995725334 -3.017151
0.961317539 -0.271359503 -0.047250479 -5.912477999999999 0.267118186 0.960300207 -0.080446132 -10.792847 0.067204461 0.064712815 0.995638371 -3.048005
0.960500777 -0.274199545 -0.047462516 -5.9125369999999995 0.269896418 0.959467113 -0.081109695 -10.889069 0.067778967 0.065095976 0.995574474 -3.066118
0.959849715 -0.27644673 -0.04759996 -5.923559999999999 0.272094369 0.958799005 -0.081663065 -11.009456 0.06821429 0.065432578 0.995522618 -3.0874409999999997
0.959173322 -0.278806984 -0.047466952 -5.9380120000000005 0.274415225 0.958080649 -0.082326852 -11.137456 0.068430476 0.065940052 0.995474279 -3.097871
0.958124995 -0.282368273 -0.047588199 -5.927232999999999 0.277872562 0.956968606 -0.083653495 -11.249676000000001 0.069161512 0.066927053 0.995357931 -3.094454
0.956934571 -0.286387742 -0.047520269 -5.951683999999999 0.28182736 0.9557302 -0.084575593 -11.38024 0.069637977 0.067540802 0.995283246 -3.080094
0.955770373 -0.29028815 -0.047284212 -6.000483 0.285661459 0.954492867 -0.085678473 -11.505545000000001 0.07000389 0.068381652 0.995200098 -3.07372
0.954452693 -0.294523865 -0.04770454 -5.998678 0.289817393 0.953181565 -0.086317621 -11.655742 0.070893697 0.068560474 0.995124876 -3.080709
0.953347683 -0.298074871 -0.047743805 -6.010568 0.293290794 0.952029228 -0.087297231 -11.820542999999999 0.071474612 0.069221787 0.995037496 -3.052208
0.952512264 -0.300720453 -0.047828633 -6.0173570000000005 0.295853734 0.95114249 -0.088308811 -11.890915 0.072048105 0.069964938 0.994944215 -3.023179
0.950817704 -0.306039155 -0.047809038 -6.048 0.301076263 0.949386835 -0.089541286 -12.102572 0.072792411 0.070743263 0.99483496 -3.0106640000000002
0.949000359 -0.311616689 -0.047888137 -6.110989 0.306531996 0.947500229 -0.0910016 -12.333904 0.073731646 0.071681291 0.994698584 -2.998856
0.948177099 -0.31408897 -0.04804489 -6.126913 0.308923811 0.946638584 -0.091877237 -12.455462 0.074338771 0.072273679 0.994610548 -3.0060019999999996
0.946633935 -0.318683594 -0.048216514 -6.115637 0.313354343 0.944993615 -0.09378729 -12.711632999999999 0.075452775 0.073673375 0.994423985 -3.046756
0.944772243 -0.324182898 -0.048069358 -6.18287 0.318690598 0.942991257 -0.095935933 -12.937318 0.076429784 0.075318359 0.994226158 -3.0067929999999996
0.944162905 -0.325919122 -0.048302807 -6.215025 0.320324302 0.942329586 -0.096990123 -13.061595 0.077128097 0.076101899 0.994112492 -3.00338
0.94232446 -0.331107289 -0.04891425 -6.21115 0.325330496 0.94044739 -0.098583184 -13.370152999999998 0.078642897 0.07698404 0.993925929 -3.07772
0.940001965 -0.337701559 -0.048518363 -6.274997 0.331759155 0.937954724 -0.100879498 -13.59121 0.079575196 0.078730509 0.993714869 -3.071451
0.938719451 -0.341184378 -0.048978347 -6.358722 0.335105866 0.936640739 -0.102019794 -13.834710999999999 0.080682687 0.079355046 0.993575871 -3.05621
0.937012315 -0.345697105 -0.050013989 -6.361743000000001 0.339396387 0.934921682 -0.103593126 -14.01337 0.082571 0.080093458 0.993361473 -3.120204
0.934321165 -0.3529419 -0.049758922 -6.546691 0.346339047 0.931960285 -0.107234761 -14.418643999999999 0.084220983 0.082958229 0.992987752 -3.115854
0.933368206 -0.355260998 -0.051121593 -6.519444999999999 0.348465651 0.93106848 -0.108087905 -14.590233 0.085997134 0.083071686 0.992826045 -3.202824
0.933456182 -0.355137706 -0.050365735 -6.534159000000001 0.348333597 0.931020141 -0.108927108 -14.792487 0.08557564 0.084134594 0.992772937 -3.25381
0.933284342 -0.355584472 -0.05039987 -6.491578 0.3487207 0.930799603 -0.109571211 -14.908116000000001 0.085874006 0.084685594 0.992700338 -3.285897
0.932097733 -0.358832628 -0.04932455 -6.5476980000000005 0.351964861 0.92945832 -0.110580079 -15.104184 0.08552485 0.085710928 0.992642462 -3.275929
0.931006432 -0.361602634 -0.049704388 -6.460185 0.354607016 0.928333163 -0.111585751 -15.204747 0.086491942 0.086261503 0.992510974 -3.326143
0.929132521 -0.366530508 -0.048663501 -6.513365 0.359491795 0.926286638 -0.112954199 -15.340174 0.086477503 0.08745528 0.992407799 -3.29539
0.926979542 -0.371864289 -0.049252532 -6.537731 0.364610016 0.924078047 -0.114626199 -15.594007 0.088138588 0.088298179 0.992186964 -3.245953
0.926885962 -0.372148395 -0.048865993 -6.513281 0.364897788 0.923922777 -0.114962123 -15.718936999999999 0.08793138 0.088725679 0.992167175 -3.152168
0.926813245 -0.372422844 -0.048149846 -6.448213 0.365141332 0.923693359 -0.116027392 -15.949214 0.087686941 0.08995422 0.992078185 -3.119027
0.926585376 -0.373112619 -0.04718709 -6.467536 0.365730494 0.923193038 -0.118134961 -16.382122 0.087640442 0.092204362 0.991875708 -3.143682
0.92656374 -0.37315166 -0.047302645 -6.32327 0.365642428 0.923059285 -0.119445279 -16.481111 0.08823435 0.093377791 0.991713345 -3.362879
0.926562786 -0.373215288 -0.046816252 -6.294715999999999 0.365719527 0.922981977 -0.119806416 -16.514924999999998 0.087924145 0.093886539 0.991692901 -3.382923
0.926097333 -0.374403507 -0.046538319 -6.265562 0.3669056 0.922476351 -0.120074138 -16.561018 0.087886669 0.094125167 0.991673589 -3.4043810000000003
0.923543036 -0.380707532 -0.046151966 -6.171714 0.373186469 0.919901848 -0.12046776 -16.687764 0.088318273 0.094033867 0.991643846 -3.441757
0.922332168 -0.383749962 -0.04516013 -6.102936 0.376220584 0.918531656 -0.121481501 -16.769225 0.088099532 0.095056124 0.991565824 -3.4471860000000003
0.921710372 -0.385246128 -0.045114599 -6.0479080000000005 0.377684951 0.917885959 -0.121818006 -16.839353000000003 0.08833997 0.095241822 0.991526663 -3.451891
0.919400454 -0.390852749 -0.044010326 -5.911353999999999 0.383205861 0.915341854 -0.123703599 -16.947951 0.088634387 0.096868135 0.991342783 -3.4919569999999998
0.919531405 -0.390593976 -0.043568939 -5.894445 0.383001834 0.91544342 -0.123584062 -16.985092 0.088156089 0.096952468 0.991377175 -3.536846
0.919597268 -0.39048326 -0.04317078 -5.871175999999999 0.38289851 0.915437937 -0.123943985 -16.983956000000003 0.087918222 0.097448528 0.991349697 -3.621566
0.919984937 -0.389597803 -0.042910744 -5.8479220000000005 0.382033914 0.915785849 -0.124041773 -17.000053 0.087623447 0.097723193 0.991348743 -3.729048
0.921524644 -0.38593486 -0.042972941 -5.790818 0.378362715 0.917279601 -0.124256581 -16.988242 0.08737316 0.098246135 0.99131912 -3.929108
0.922398329 -0.383858711 -0.042821404 -5.784549 0.376300186 0.918110907 -0.124380425 -16.971747999999998 0.087059312 0.098614596 0.99131012 -4.0349699999999995
0.925231874 -0.377029896 -0.042362168 -5.783825 0.369466811 0.920753717 -0.125327334 -16.937362 0.086257264 0.100305423 0.991210639 -4.290330999999999
0.926905572 -0.372929066 -0.042069823 -5.806088 0.365397483 0.922347784 -0.12553589 -16.878707 0.085618988 0.10098771 0.991196692 -4.474829
0.927018404 -0.372645468 -0.042097859 -5.804390000000001 0.365127444 0.922478318 -0.125362262 -16.889734 0.085550047 0.100842036 0.991217434 -4.477015
0.927389085 -0.371733427 -0.041996934 -5.807186 0.364248455 0.922854662 -0.125149101 -16.891163000000002 0.085279182 0.100764588 0.991248727 -4.491417
0.927808404 -0.370707124 -0.041806445 -5.839752 0.363253713 0.923258126 -0.125064567 -16.867742 0.084960468 0.100849599 0.991267443 -4.487144
0.928240538 -0.369624972 -0.041793868 -5.847467 0.362169355 0.923669994 -0.125167862 -16.849268000000002 0.084868915 0.101049416 0.991254926 -4.512497
0.92853111 -0.368853688 -0.04215426 -5.824997 0.361365944 0.92398566 -0.12515983 -16.834674 0.085115589 0.100981683 0.99124074 -4.554755
0.929129839 -0.367311716 -0.042424325 -5.811623 0.359809726 0.924601734 -0.125094548 -16.81125 0.085174292 0.100964412 0.991237342 -4.597101
0.930421054 -0.363996238 -0.04270082 -5.794122 0.356479973 0.92588675 -0.125122249 -16.785586000000002 0.085080154 0.101194404 0.991222024 -4.664479
0.932241321 -0.359305799 -0.04272633 -5.80682 0.351802438 0.927662492 -0.125209466 -16.766634 0.084624104 0.101694204 0.991209924 -4.7064189999999995
0.933521032 -0.35591796 -0.043139301 -5.783378 0.348426402 0.928994596 -0.124771617 -16.770223 0.084484652 0.101446025 0.991247237 -4.774639
0.934740782 -0.352760404 -0.042656794 -5.820682 0.345298946 0.930106819 -0.125180021 -16.733151000000003 0.083833933 0.102281541 0.9912166 -4.813053
0.935955882 -0.349471301 -0.043085594 -5.783739000000001 0.342010736 0.931366384 -0.124840975 -16.72595 0.083756812 0.102109909 0.991240859 -4.918265
0.93749243 -0.345347196 -0.042932913 -5.791764 0.33791396 0.932846785 -0.124944538 -16.701669 0.083199076 0.102626927 0.991234422 -4.999105
0.938951135 -0.34135282 -0.04300059 -5.784927 0.333936214 0.934284031 -0.124899551 -16.685972 0.08280959 0.102915116 0.991237104 -5.092878000000001
0.940512478 -0.33702895 -0.042985216 -5.785197 0.329617858 0.935787916 -0.125111938 -16.653301 0.082391396 0.103500649 0.991211057 -5.181798
0.942415357 -0.331638902 -0.04323148 -5.765905 0.324270844 0.937721252 -0.124608479 -16.653761 0.081864096 0.103414252 0.991263747 -5.320474000000001
0.944447517 -0.325815827 -0.043163117 -5.768927 0.318445385 0.939652801 -0.125080317 -16.610393000000002 0.081311502 0.10438668 0.991207302 -5.44018
0.94673878 -0.319145709 -0.04279745 -5.788219 0.311840177 0.941852927 -0.125175014 -16.581660000000003 0.080257975 0.105162069 0.991211236 -5.562903
0.948851347 -0.312826008 -0.042672407 -5.78297 0.305554211 0.943890631 -0.125327498 -16.549418 0.079483777 0.10587842 0.991197288 -5.714444
0.9524948 -0.301565379 -0.04256735 -5.7676289999999995 0.294373572 0.947452903 -0.125207677 -16.528796 0.078088872 0.106728964 0.991216958 -6.034998
0.95567435 -0.29138875 -0.042179007 -5.747281 0.284276247 0.950502872 -0.125424385 -16.482121999999997 0.076638505 0.107874371 0.991206169 -6.554758
0.956411898 -0.288960278 -0.042169061 -5.731686 0.281830966 0.951177597 -0.125827804 -16.447257 0.076469503 0.108458668 0.991155505 -6.746266
0.956471801 -0.288792372 -0.041960463 -5.748760000000001 0.281671911 0.951199234 -0.126019835 -16.475042 0.076306328 0.108715318 0.991139948 -6.54157
0.956583261 -0.288447708 -0.04178961 -5.748025999999999 0.281342 0.951286852 -0.126094967 -16.508501 0.076125719 0.108863182 0.991137564 -6.39592
0.956596196 -0.2884368 -0.04156835 -5.762564 0.281352103 0.951278329 -0.126137123 -16.529076 0.075925663 0.108966954 0.991141498 -6.340106
0.956532001 -0.288606167 -0.04186957 -5.742861 0.281486511 0.951236606 -0.126151696 -16.538018 0.076236024 0.108882405 0.991127014 -6.339423
0.956550539 -0.288520247 -0.042036649 -5.702521 0.281401813 0.951294363 -0.125905007 -16.585684999999998 0.076315373 0.108605303 0.991151273 -6.339451
0.95647347 -0.288774371 -0.042046182 -5.680124 0.281657189 0.951225162 -0.1258571 -16.615299999999998 0.076339692 0.108536355 0.991156995 -6.342758000000001
0.956310272 -0.289350003 -0.041799802 -5.666684 0.282262713 0.951056302 -0.125776127 -16.658509 0.076147296 0.108482473 0.991177678 -6.34525
0.955736697 -0.291290373 -0.041441035 -5.660661 0.284265012 0.950517535 -0.125338674 -16.748235 0.075900391 0.108010523 0.99124819 -6.360868000000001
0.954670846 -0.294813752 -0.04108965 -5.632022 0.287781864 0.949415088 -0.125668913 -16.790010000000002 0.076060049 0.108147584 0.991220951 -6.393891
0.952335477 -0.302325338 -0.040701371 -5.550008 0.295205116 0.94697994 -0.126819238 -16.829466 0.076884039 0.108759202 0.991090477 -6.476255999999999
0.950454712 -0.308261901 -0.040128831 -5.499653 0.30113259 0.945045888 -0.127308175 -16.891874 0.077167854 0.108916581 0.991051137 -6.616027
0.949537575 -0.311076939 -0.040119719 -5.398548000000001 0.303886294 0.944084048 -0.127900064 -16.935724999999998 0.077663153 0.109254077 0.99097532 -6.773167
0.947440386 -0.317587346 -0.038663939 -5.271357 0.310382694 0.941730142 -0.129641667 -17.03627 0.077583559 0.110827141 0.990806818 -7.105085
0.947103918 -0.318672121 -0.037976488 -5.227509 0.311471552 0.941253841 -0.130486593 -17.077617 0.077327959 0.111755773 0.990722537 -7.198925
0.946537554 -0.32034564 -0.038016643 -5.131572 0.313116193 0.940683186 -0.130665362 -17.18053 0.077619694 0.111776061 0.990697384 -7.279186
0.945315361 -0.324084759 -0.036714774 -5.112201000000001 0.316950232 0.9393484 -0.131024048 -17.290194 0.076950856 0.112222306 0.990699112 -7.295151
0.943639636 -0.328932971 -0.036705814 -5.0159590000000005 0.321741819 0.937669456 -0.131370515 -17.375913999999998 0.077630013 0.11215663 0.990653574 -7.31245
0.942069471 -0.333449841 -0.036278486 -4.959392 0.326220542 0.936017573 -0.132102966 -17.444848999999998 0.078007013 0.112615399 0.990571916 -7.314824
0.93943119 -0.340898424 -0.035459276 -4.89741 0.333648831 0.933279216 -0.132922366 -17.542262 0.078406438 0.113040462 0.990491927 -7.316576
0.93762517 -0.345903367 -0.034782212 -4.804192 0.338570803 0.931275666 -0.134519368 -17.578218 0.07892254 0.114352517 0.990300357 -7.369688
0.937248528 -0.346914738 -0.034861855 -4.745851 0.339570254 0.930919111 -0.134468138 -17.646369 0.079102546 0.114192024 0.99030453 -7.416159
0.936856687 -0.348019063 -0.034382448 -4.715384 0.340713799 0.930486083 -0.134572089 -17.730566 0.078826033 0.114360183 0.990307152 -7.413475
0.935390651 -0.351998508 -0.033783879 -4.674422 0.34471646 0.92897737 -0.134802178 -17.812012 0.078834631 0.114446826 0.990296423 -7.408238
0.934579372 -0.354143947 -0.033814639 -4.624262 0.346837074 0.928175628 -0.134884998 -17.860482 0.07915464 0.114332572 0.990284145 -7.4286639999999995
0.933005989 -0.35836786 -0.032746524 -4.604411 0.351042539 0.926388085 -0.136287451 -17.915495 0.079177029 0.115661576 0.990127981 -7.367866
0.930434167 -0.365084589 -0.0317083 -4.541016 0.357731789 0.92364043 -0.13753657 -17.982374999999998 0.079499558 0.116625674 0.989989042 -7.303969
0.929539502 -0.367351085 -0.031772185 -4.476877 0.359986454 0.922786593 -0.137384772 -18.068232 0.079787388 0.116267033 0.990008056 -7.302656
0.929074526 -0.368543178 -0.031564336 -4.461264000000001 0.361159563 0.92226398 -0.137814403 -18.087091 0.079901218 0.116640106 0.989955008 -7.281674
0.927691519 -0.372044832 -0.031163497 -4.414824 0.364668608 0.920856774 -0.137983873 -18.177571 0.080033302 0.116642103 0.9899441 -7.260954
0.92604661 -0.376141965 -0.030901138 -4.362188000000001 0.368682086 0.919101357 -0.139018714 -18.224368000000002 0.08069206 0.11734511 0.989807546 -7.1770879999999995
0.924038827 -0.381096721 -0.03029066 -4.323243 0.373663455 0.917072654 -0.13911587 -18.312806000000002 0.08079534 0.117229961 0.989812672 -7.087807
0.922282755 -0.385350496 -0.029993702 -4.284822 0.377900928 0.915299416 -0.139348745 -18.383671 0.081151314 0.117184296 0.989789069 -7.005984
0.920765579 -0.389001578 -0.029471273 -4.286352 0.381564468 0.913738668 -0.139607221 -18.445592 0.081236482 0.117300309 0.989768326 -6.911581
0.919097364 -0.392932415 -0.029396545 -4.229012 0.385430634 0.912034035 -0.140133291 -18.487160999999997 0.081873551 0.117465809 0.989696205 -6.894015
0.918579221 -0.394134492 -0.02949935 -4.1880820000000005 0.386637747 0.911571741 -0.139814913 -18.533542999999998 0.08199665 0.117025524 0.989738166 -6.889590999999999
0.918038905 -0.395389527 -0.029523915 -4.153878 0.387870371 0.911029458 -0.139935002 -18.570255 0.082225993 0.117014326 0.989720464 -6.888166
0.916351318 -0.399338722 -0.028789552 -4.112824 0.391806215 0.909215093 -0.140768364 -18.622484 0.082390159 0.117713347 0.989623845 -6.924345
0.9137398 -0.405314803 -0.028273897 -4.078217 0.397743106 0.906534433 -0.141406253 -18.649288 0.08294531 0.117962763 0.989547849 -7.001443
0.910249293 -0.413104475 -0.028122796 -4.026186999999999 0.405436486 0.903022289 -0.142028481 -18.647668999999997 0.084068112 0.117879339 0.989463031 -7.259667
0.909251332 -0.415327549 -0.027657641 -3.9632749999999994 0.407632083 0.901912868 -0.142791212 -18.661426 0.084249921 0.118558966 0.989366353 -7.4569019999999995
0.909051776 -0.415771455 -0.027548112 -3.9546870000000003 0.408075809 0.901694357 -0.142903537 -18.702081999999997 0.084255189 0.118664995 0.98935324 -7.2872010000000005
0.908277214 -0.417414695 -0.028236344 -3.937395 0.409711242 0.901112974 -0.141887411 -18.768236 0.084670022 0.117304347 0.989480078 -6.982479
0.906953096 -0.420295894 -0.028058875 -3.9557129999999994 0.412553519 0.899747074 -0.142319173 -18.808882999999998 0.085062057 0.117501035 0.989423037 -6.583051
0.906564474 -0.42114532 -0.027883722 -3.970777 0.413396358 0.89932251 -0.14255698 -18.828832 0.085113667 0.117710061 0.98939383 -6.391895
0.906384826 -0.421527088 -0.027953768 -3.973817 0.413765103 0.899149716 -0.142577022 -18.865224 0.085234709 0.117663361 0.989388883 -6.155232
0.906038404 -0.42224744 -0.028310442 -3.953137 0.414449692 0.898856461 -0.142437607 -18.901534 0.085590936 0.117320694 0.989398897 -5.939159999999999
0.905915201 -0.422526032 -0.028093668 -3.975575 0.414761573 0.898730993 -0.142321602 -18.946197 0.085383236 0.117279157 0.989421725 -5.69918
0.905644238 -0.423096478 -0.028244274 -3.964398 0.415295571 0.898458183 -0.142486513 -18.966224 0.085661843 0.117312357 0.989393771 -5.428801
0.905385792 -0.423663974 -0.028023396 -3.9915610000000004 0.415879995 0.898179471 -0.142539412 -18.991634 0.085558839 0.117398798 0.98939234 -5.1564499999999995
0.905250132 -0.423947453 -0.028119689 -4.003306 0.416174859 0.898088694 -0.142250702 -19.044362 0.085560799 0.117069773 0.989431143 -4.867678000000001
0.90492475 -0.424666345 -0.027742952 -4.054928 0.416950017 0.897761703 -0.142044336 -19.075174 0.085228011 0.116972022 0.989471495 -4.582328
0.904434085 -0.42567876 -0.028222965 -4.060193 0.417861968 0.897271216 -0.142462954 -19.073555 0.085967109 0.117055036 0.989397705 -4.262862
0.904010475 -0.426573694 -0.028284553 -4.113541 0.418800533 0.896939337 -0.141796067 -19.127578 0.085855998 0.116339542 0.989491701 -3.969464
0.902556837 -0.429627895 -0.028478151 -4.130083 0.421800613 0.895518303 -0.141885236 -19.138037999999998 0.086460568 0.11604739 0.989473403 -3.686558
0.90132606 -0.43221426 -0.02831977 -4.1774189999999995 0.424464792 0.894402623 -0.14097394 -19.228210999999998 0.086260214 0.115042776 0.989608169 -3.427485
0.899005115 -0.436977059 -0.0289966 -4.146127 0.429139644 0.892215908 -0.140676931 -19.257959000000003 0.087343812 0.114025675 0.989630818 -3.186905
0.897320807 -0.440446109 -0.028679069 -4.180861 0.432572067 0.890473366 -0.141204 -19.254964 0.087730713 0.114299551 0.989565015 -2.902145
0.896202683 -0.442702264 -0.028903108 -4.171136 0.434821546 0.889441431 -0.140798345 -19.300593000000003 0.088039368 0.113616168 0.989616275 -2.667361
0.89217478 -0.45078066 -0.028653145 -4.227371 0.442899674 0.88550359 -0.140439302 -19.39074 0.088679776 0.112605922 0.989674628 -2.204564
0.890574634 -0.45391202 -0.028992882 -4.205142 0.44595933 0.883948922 -0.140550911 -19.410597000000003 0.089425974 0.112241425 0.989648879 -2.010583
0.887969375 -0.458987236 -0.029001975 -4.231798 0.451006025 0.881402612 -0.140438288 -19.473217 0.090021811 0.111624852 0.989664614 -1.624795
0.883833706 -0.466910064 -0.028860716 -4.265899 0.458906025 0.877350032 -0.140222386 -19.523269 0.090792194 0.11068894 0.989699304 -1.201456
0.88133055 -0.471572459 -0.029594745 -4.255308 0.46343115 0.874930203 -0.140459612 -19.511471999999998 0.092130221 0.110076226 0.989644051 -0.891016
0.879484892 -0.475011975 -0.029497022 -4.271174 0.466877908 0.873132646 -0.140229985 -19.530691 0.092365727 0.109558627 0.989679515 -0.7914070000000001
0.878411412 -0.476991802 -0.029534303 -4.269582 0.468829334 0.872069061 -0.140337378 -19.532068 0.092695728 0.109427415 0.989663184 -0.79505
0.87758708 -0.478509665 -0.029485846 -4.2613199999999996 0.470373243 0.871291637 -0.139999568 -19.555591 0.092681915 0.108992472 0.989712477 -0.8239420000000001
0.875843704 -0.481687218 -0.0295821 -4.2424230000000005 0.473493785 0.869559228 -0.140251383 -19.566824999999998 0.093280688 0.108831368 0.989673913 -0.807908
0.873811066 -0.485372573 -0.029458465 -4.201113 0.477180779 0.867566347 -0.140097156 -19.627934 0.093556486 0.10836143 0.989699483 -0.857625
0.871788263 -0.488994718 -0.02948614 -4.138852 0.480793834 0.865602911 -0.139889032 -19.709754999999998 0.093928292 0.107776843 0.989728093 -0.853993
0.870410264 -0.491502911 -0.028474707 -4.110823000000001 0.483256102 0.8639943 -0.141341537 -19.759918000000003 0.094071768 0.109264553 0.989551246 -0.830041
0.868508637 -0.494878888 -0.028063908 -4.038913 0.486565053 0.861985028 -0.142254442 -19.811854 0.094589397 0.109894298 0.989432216 -0.805892
0.866138339 -0.499044001 -0.027556906 -3.980071 0.490734011 0.859582841 -0.142469615 -19.902419000000002 0.094786048 0.109875292 0.989415526 -0.795601
0.864262164 -0.502311826 -0.02708623 -3.936991 0.494009286 0.857670546 -0.142674714 -19.999551 0.094898261 0.109927505 0.989398897 -0.741688
0.861956477 -0.5062837 -0.026603268 -3.874016 0.497888654 0.855223715 -0.143872038 -20.039029 0.095591821 0.110765971 0.989238679 -0.7515170000000001
0.859481454 -0.510488868 -0.026319949 -3.8196369999999997 0.502031505 0.852692425 -0.144499436 -20.129424 0.096208185 0.110981151 0.989154816 -0.8018390000000001
0.858039379 -0.512908876 -0.026322592 -3.770842 0.504364491 0.851196766 -0.145191491 -20.246666 0.096875697 0.111303814 0.989053369 -0.803709
0.856006563 -0.516313195 -0.025950206 -3.696539 0.507764339 0.849140227 -0.145383224 -20.323459 0.097098641 0.111272387 0.98903507 -0.839886
0.854540765 -0.518755853 -0.02554087 -3.6721929999999996 0.510234118 0.847660363 -0.145372331 -20.381643 0.097062744 0.111194775 0.989047348 -0.875425
0.853309214 -0.520778 -0.02556701 -3.6120039999999998 0.512240052 0.846454799 -0.145342752 -20.479509999999998 0.097332641 0.110925846 0.989051044 -0.900582
0.851730645 -0.52336669 -0.025341842 -3.563287 0.514729321 0.844762385 -0.146390498 -20.493509 0.09802375 0.111641087 0.988902211 -0.8997700000000001
0.84895277 -0.527882636 -0.024879992 -3.457373 0.519205153 0.841922998 -0.146940649 -20.604825 0.098514467 0.111827858 0.988832355 -0.8896000000000001
0.847038627 -0.53097403 -0.02433355 -3.4232839999999998 0.522291243 0.839940131 -0.147351012 -20.645117000000003 0.098678291 0.112102807 0.988784969 -0.873028
0.844299138 -0.535366118 -0.023280658 -3.371176 0.526650846 0.837011874 -0.148492709 -20.724185 0.09898416 0.113111496 0.988639474 -0.867117
0.840748489 -0.540941536 -0.022895699 -3.291976 0.53218323 0.833437264 -0.148873836 -20.817792 0.099614181 0.112980753 0.988591075 -0.937269
0.838771284 -0.544019222 -0.022488382 -3.229041 0.535266876 0.831436396 -0.149006933 -20.922333000000002 0.099760309 0.11294546 0.988580406 -0.9431170000000001
0.836875737 -0.546928823 -0.022537319 -3.179354 0.538107455 0.829533458 -0.149381086 -20.943165 0.100396276 0.112885907 0.988522828 -0.965785
0.835306585 -0.549320877 -0.022570098 -3.12392 0.540429115 0.827941775 -0.149829611 -20.973066 0.100991257 0.112956151 0.988454163 -0.961974
0.832865119 -0.553061604 -0.021412116 -3.098932 0.54418987 0.825335503 -0.150594726 -21.074511 0.100960344 0.113772839 0.988363683 -0.984273
0.828703225 -0.559286594 -0.021197828 -2.989296 0.550291538 0.821116447 -0.151482269 -21.161959 0.102127902 0.11386887 0.988232613 -1.0299459999999998
0.826735854 -0.56222707 -0.020210544 -2.91808 0.553213656 0.818963647 -0.152490258 -21.232174999999998 0.102285855 0.114888415 0.988098323 -1.100568
0.822544396 -0.568374932 -0.01925206 -2.7909089999999996 0.559373915 0.814696372 -0.152875111 -21.382118 0.102574967 0.114977464 0.988058031 -1.236528
0.820307791 -0.571588039 -0.019555001 -2.670854 0.562424481 0.81241858 -0.153800711 -21.444743 0.103797488 0.115165696 0.987908423 -1.3322530000000001
0.81690824 -0.576507628 -0.017317519 -2.621161 0.567326784 0.808584511 -0.155985445 -21.546615000000003 0.103929482 0.117601104 0.987607539 -1.5218770000000001
0.816658258 -0.576838911 -0.018058971 -2.5268170000000003 0.567648053 0.808505952 -0.155221954 -21.591112 0.104138844 0.11651215 0.987714529 -1.7306949999999999
0.81648159 -0.577129602 -0.016710466 -2.368219 0.567876279 0.807944953 -0.157294005 -21.726422 0.104280159 0.118938178 0.987410486 -1.924583
0.814328074 -0.580201566 -0.015361465 -2.2518149999999997 0.570869207 0.805446684 -0.159260631 -21.825345 0.104776099 0.120921023 0.987117052 -2.076416
0.813609362 -0.581223309 -0.014804903 -2.162321 0.571817219 0.804530501 -0.16048561 -21.890514 0.105188981 0.122106917 0.986927092 -2.124618
0.813501298 -0.581382215 -0.014502788 -2.183547 0.57202667 0.804410338 -0.160341769 -21.929342000000002 0.104886055 0.122142278 0.986955047 -2.116767
0.813311279 -0.58165133 -0.014374394 -2.190543 0.572326958 0.804231346 -0.160167888 -21.998478 0.104722202 0.122039482 0.986985147 -2.124073
0.808520555 -0.588307858 -0.013721894 -2.1743650000000003 0.578938484 0.799390972 -0.160636738 -22.109582999999997 0.105473019 0.121933997 0.986918211 -2.009654
0.803430319 -0.595238745 -0.013803757 -2.11611 0.585704029 0.794302464 -0.161351755 -22.137692 0.107007168 0.121549994 0.986800432 -1.806585
0.803336263 -0.595365703 -0.013809673 -2.112417 0.585809767 0.794189095 -0.161526009 -22.101408 0.107134521 0.121669851 0.986771822 -1.849304
0.803943336 -0.594540715 -0.014020529 -2.098184 0.584984779 0.794827342 -0.16137597 -22.062978 0.107088476 0.121535338 0.986793458 -1.990795
0.806483209 -0.591085732 -0.014235104 -2.130308 0.581520379 0.797323763 -0.161582634 -21.958731 0.106859162 0.122035682 0.986756504 -2.117561
0.808073461 -0.588922083 -0.013713992 -2.228098 0.579477191 0.798869729 -0.161286265 -21.904383 0.105940729 0.122384198 0.986812413 -2.136671
0.809505522 -0.586950004 -0.01380023 -2.350415 0.577613652 0.800400078 -0.160380915 -21.789963999999998 0.105181269 0.121858045 0.986958742 -2.1665579999999998
0.811210275 -0.584561646 -0.015017668 -2.471768 0.575186789 0.80230087 -0.159603849 -21.620445 0.105346993 0.120834336 0.987066925 -2.198179
0.812402666 -0.582881391 -0.015848894 -2.524971 0.573481321 0.803626418 -0.15907146 -21.520186 0.105456382 0.120141014 0.987139821 -2.2376129999999996
0.81398195 -0.580663145 -0.016235087 -2.618463 0.571349382 0.80534482 -0.15804866 -21.456176 0.104847863 0.119372852 0.987297833 -2.21751
0.815088868 -0.579084694 -0.017058818 -2.6846639999999997 0.569726288 0.806561947 -0.157701269 -21.339513 0.105081387 0.118821703 0.987339497 -2.1978150000000003
0.816738069 -0.576759279 -0.016960593 -2.813512 0.567537546 0.808288932 -0.156748563 -21.262003 0.104115225 0.118396752 0.987492919 -2.1905829999999997
0.817075551 -0.576273739 -0.017205801 -2.956839 0.567057908 0.808680534 -0.156464502 -21.095768 0.104080372 0.118086658 0.987533689 -2.129684
0.817304194 -0.575916409 -0.018278591 -3.065125 0.566697955 0.809151769 -0.155327857 -20.986386 0.10424602 0.116591692 0.987693846 -2.048869
0.817920744 -0.575010657 -0.019196801 -3.1720770000000003 0.56580317 0.809975028 -0.154295564 -20.872045 0.104270518 0.115339935 0.987838209 -2.010306
0.819605768 -0.572575212 -0.020100657 -3.26816 0.563340366 0.811785519 -0.153791428 -20.719364 0.104374595 0.114724837 0.987898827 -1.9634399999999999
0.824377239 -0.565597773 -0.022388216 -3.428848 0.556363881 0.816932201 -0.151924163 -20.516332000000002 0.104217619 0.112786844 0.988138616 -1.776055
0.828806877 -0.559060752 -0.023027442 -3.683039 0.549982667 0.8215397 -0.150304928 -20.318108000000002 0.102947541 0.111909069 0.988371491 -1.460805
0.831512213 -0.554916143 -0.025603931 -3.900329 0.545928419 0.824828804 -0.147035837 -20.156747 0.102711417 0.108284175 0.988799751 -1.100916
